Africa/Johannesburg,Open,High,Low,Close,Volume
2026-07-23T00:00:00+02:00,4117.8,4118.052,4115.769,4116.83,39
2026-07-23T00:01:00+02:00,4117.532,4124.423,4117.532,4120.279,247
2026-07-23T00:02:00+02:00,4120.422,4121.06,4116.73,4119.779,155
2026-07-23T00:03:00+02:00,4119.891,4123.095,4119.196,4119.196,141
2026-07-23T00:04:00+02:00,4119.272,4120.547,4117.814,4120.547,115
2026-07-23T00:05:00+02:00,4120.401,4122.658,4120.121,4121.524,223
2026-07-23T00:06:00+02:00,4121.58,4124.203,4121.176,4122.581,113
2026-07-23T00:07:00+02:00,4122.588,4125.379,4121.297,4123.637,161
2026-07-23T00:08:00+02:00,4123.528,4124.156,4121.595,4121.67,84
2026-07-23T00:09:00+02:00,4121.641,4123.403,4121.416,4123.213,62
2026-07-23T00:10:00+02:00,4123.178,4123.24,4121.727,4121.8,110
2026-07-23T00:11:00+02:00,4121.814,4122.819,4121.384,4122.819,78
2026-07-23T00:12:00+02:00,4122.857,4123.32,4121.79,4121.79,75
2026-07-23T00:13:00+02:00,4121.829,4122.832,4120.96,4122.561,75
2026-07-23T00:14:00+02:00,4122.561,4123.601,4122.561,4123.601,89
2026-07-23T00:15:00+02:00,4123.663,4124.981,4123.05,4124.4,147
2026-07-23T00:16:00+02:00,4124.452,4125.162,4123.615,4123.615,103
2026-07-23T00:17:00+02:00,4123.577,4124.243,4120.896,4121.074,155
2026-07-23T00:18:00+02:00,4121.138,4122.232,4120.706,4121.38,159
2026-07-23T00:19:00+02:00,4121.432,4124.784,4121.074,4123.841,169
2026-07-23T00:20:00+02:00,4123.816,4125.972,4123.069,4125.152,239
2026-07-23T00:21:00+02:00,4125.091,4125.289,4122.658,4122.658,156
2026-07-23T00:22:00+02:00,4122.688,4122.936,4122.21,4122.694,97
2026-07-23T00:23:00+02:00,4122.764,4124.53,4122.662,4123.847,124
2026-07-23T00:24:00+02:00,4123.959,4123.959,4122.72,4123.044,97
2026-07-23T00:25:00+02:00,4123.102,4125.585,4122.707,4124.932,214
2026-07-23T00:26:00+02:00,4125.225,4127.915,4124.867,4127.808,171
2026-07-23T00:27:00+02:00,4127.829,4127.974,4126.963,4127.456,117
2026-07-23T00:28:00+02:00,4127.473,4128.683,4126.553,4126.633,135
2026-07-23T00:29:00+02:00,4126.698,4128.655,4126.597,4128.61,117
2026-07-23T00:30:00+02:00,4128.538,4129.89,4128.436,4128.624,165
2026-07-23T00:31:00+02:00,4128.565,4129.273,4127.322,4127.682,149
2026-07-23T00:32:00+02:00,4127.608,4127.608,4126.07,4126.889,119
2026-07-23T00:33:00+02:00,4126.923,4127.232,4126.395,4126.852,99
2026-07-23T00:34:00+02:00,4126.844,4126.844,4125.442,4125.707,107
2026-07-23T00:35:00+02:00,4125.636,4126.294,4124.014,4126.294,141
2026-07-23T00:36:00+02:00,4126.074,4126.514,4125.288,4125.449,158
2026-07-23T00:37:00+02:00,4125.243,4128.082,4124.388,4127.448,188
2026-07-23T00:38:00+02:00,4127.451,4128.155,4126.374,4126.602,146
2026-07-23T00:39:00+02:00,4126.523,4127.235,4125.799,4125.799,151
2026-07-23T00:40:00+02:00,4125.745,4126.201,4121.48,4122.004,179
2026-07-23T00:41:00+02:00,4122.062,4123.214,4119.883,4122.65,256
2026-07-23T00:42:00+02:00,4122.635,4123.738,4122.534,4123.136,105
2026-07-23T00:43:00+02:00,4123.388,4123.626,4122.431,4122.545,87
2026-07-23T00:44:00+02:00,4122.492,4123.262,4120.857,4121.76,118
2026-07-23T00:45:00+02:00,4121.703,4122.351,4120.78,4122.064,117
2026-07-23T00:46:00+02:00,4121.826,4123.262,4121.575,4122.259,148
2026-07-23T00:47:00+02:00,4122.2,4124.561,4121.843,4123.985,106
2026-07-23T00:48:00+02:00,4123.975,4124.675,4123.942,4124.429,96
2026-07-23T00:49:00+02:00,4124.51,4125.688,4124.461,4124.67,90
2026-07-23T00:50:00+02:00,4124.482,4125.023,4121.075,4122.514,153
2026-07-23T00:51:00+02:00,4122.514,4125.18,4122.116,4125.18,163
2026-07-23T00:52:00+02:00,4125.424,4126.047,4124.044,4125.354,167
2026-07-23T00:53:00+02:00,4125.318,4125.929,4124.246,4124.602,182
2026-07-23T00:54:00+02:00,4124.551,4124.551,4123.065,4123.64,160
2026-07-23T00:55:00+02:00,4123.611,4124.379,4122.046,4123.132,145
2026-07-23T00:56:00+02:00,4123.303,4126.645,4122.762,4123.498,209
2026-07-23T00:57:00+02:00,4123.458,4124.042,4122.551,4123.808,157
2026-07-23T00:58:00+02:00,4123.866,4124.243,4122.437,4122.795,214
2026-07-23T00:59:00+02:00,4122.917,4123.919,4120.721,4121.796,225
2026-07-23T01:00:00+02:00,4121.854,4122.371,4117.471,4118.897,325
2026-07-23T01:01:00+02:00,4118.972,4121.969,4117.464,4120.381,268
2026-07-23T01:02:00+02:00,4120.095,4122.969,4118.536,4121.583,279
2026-07-23T01:03:00+02:00,4121.639,4121.697,4117.191,4118.207,224
2026-07-23T01:04:00+02:00,4118.445,4118.68,4117.497,4118.642,134
2026-07-23T01:05:00+02:00,4118.66,4119.292,4117.267,4117.35,113
2026-07-23T01:06:00+02:00,4117.562,4117.574,4116.694,4117.493,122
2026-07-23T01:07:00+02:00,4117.425,4118.158,4116.562,4117.941,134
2026-07-23T01:08:00+02:00,4118.014,4119.053,4117.542,4118.395,157
2026-07-23T01:09:00+02:00,4118.45,4118.805,4118.063,4118.391,108
2026-07-23T01:10:00+02:00,4118.456,4118.81,4116.804,4117.331,136
2026-07-23T01:11:00+02:00,4117.381,4118.415,4117.133,4117.159,159
2026-07-23T01:12:00+02:00,4117.087,4118.777,4116.945,4118.44,193
2026-07-23T01:13:00+02:00,4118.513,4124.638,4118.513,4124.638,244
2026-07-23T01:14:00+02:00,4124.689,4124.689,4122.798,4123.844,142
2026-07-23T01:15:00+02:00,4123.794,4124.149,4121.189,4121.865,193
2026-07-23T01:16:00+02:00,4121.85,4121.85,4120.108,4121.326,135
2026-07-23T01:17:00+02:00,4121.333,4122.473,4121.136,4121.869,96
2026-07-23T01:18:00+02:00,4121.939,4122.534,4121.314,4121.314,91
2026-07-23T01:19:00+02:00,4121.566,4121.566,4120.048,4120.576,71
2026-07-23T01:20:00+02:00,4120.652,4121.169,4119.44,4120.988,114
2026-07-23T01:21:00+02:00,4120.992,4121.992,4120.181,4120.31,122
2026-07-23T01:22:00+02:00,4120.549,4121.44,4120.309,4120.515,52
2026-07-23T01:23:00+02:00,4120.733,4120.835,4120.256,4120.506,48
2026-07-23T01:24:00+02:00,4120.506,4120.881,4120.415,4120.857,24
2026-07-23T01:25:00+02:00,4120.845,4120.845,4119.835,4119.835,78
2026-07-23T01:26:00+02:00,4119.546,4122.565,4119.276,4120.956,170
2026-07-23T01:27:00+02:00,4120.972,4121.729,4119.691,4119.784,85
2026-07-23T01:28:00+02:00,4119.793,4120.521,4119.133,4120.036,131
2026-07-23T01:29:00+02:00,4119.875,4120.815,4119.532,4120.039,128
2026-07-23T01:30:00+02:00,4120.136,4120.256,4118.977,4119.618,69
2026-07-23T01:31:00+02:00,4119.611,4120.047,4119.11,4119.733,98
2026-07-23T01:32:00+02:00,4119.808,4120.354,4119.461,4120.298,75
2026-07-23T01:33:00+02:00,4120.288,4122.362,4119.836,4121.249,112
2026-07-23T01:34:00+02:00,4121.253,4121.304,4120.548,4120.751,69
2026-07-23T01:35:00+02:00,4120.696,4120.696,4119.939,4120.346,63
2026-07-23T01:36:00+02:00,4120.305,4122.208,4120.305,4121.12,116
2026-07-23T01:37:00+02:00,4121.301,4123.456,4121.301,4122.762,129
2026-07-23T01:38:00+02:00,4123.022,4123.2,4122.209,4122.369,58
2026-07-23T01:39:00+02:00,4122.371,4123.715,4121.329,4121.695,140
2026-07-23T01:40:00+02:00,4121.738,4122.496,4121.57,4122.359,72
2026-07-23T01:41:00+02:00,4122.359,4122.396,4121.708,4122.128,60
2026-07-23T01:42:00+02:00,4122.143,4122.612,4121.299,4121.831,88
2026-07-23T01:43:00+02:00,4121.831,4124.474,4121.831,4124.397,118
2026-07-23T01:44:00+02:00,4124.147,4124.147,4122.88,4123.674,105
2026-07-23T01:45:00+02:00,4123.48,4125.979,4123.063,4125.979,185
2026-07-23T01:46:00+02:00,4126.164,4129.528,4125.021,4129.528,223
2026-07-23T01:47:00+02:00,4129.509,4130.28,4128.966,4129.874,174
2026-07-23T01:48:00+02:00,4129.862,4131.645,4129.398,4131.645,115
2026-07-23T01:49:00+02:00,4131.5,4131.5,4129.455,4129.884,108
2026-07-23T01:50:00+02:00,4129.582,4130.352,4129.169,4129.332,106
2026-07-23T01:51:00+02:00,4129.6,4130.059,4128.587,4130.059,99
2026-07-23T01:52:00+02:00,4129.745,4130.823,4129.453,4130.756,132
2026-07-23T01:53:00+02:00,4130.703,4130.905,4129.784,4130.013,138
2026-07-23T01:54:00+02:00,4129.959,4131.746,4129.108,4131.169,161
2026-07-23T01:55:00+02:00,4131.086,4132.547,4130.622,4132.027,134
2026-07-23T01:56:00+02:00,4131.979,4133.244,4131.979,4132.956,141
2026-07-23T01:57:00+02:00,4132.882,4133.277,4131.977,4133.019,89
2026-07-23T01:58:00+02:00,4132.971,4133.398,4132.125,4132.485,133
2026-07-23T01:59:00+02:00,4132.474,4134.193,4132.252,4133.267,162
2026-07-23T02:00:00+02:00,4133.319,4134.48,4132.258,4132.569,638
2026-07-23T02:01:00+02:00,4132.511,4132.576,4129.466,4130.372,423
2026-07-23T02:02:00+02:00,4130.316,4131.3,4128.441,4129.722,339
2026-07-23T02:03:00+02:00,4129.653,4130.926,4128.342,4128.422,210
2026-07-23T02:04:00+02:00,4128.471,4130.973,4128.471,4130.882,204
2026-07-23T02:05:00+02:00,4130.61,4131.123,4129.138,4129.601,151
2026-07-23T02:06:00+02:00,4129.654,4130.547,4128.517,4129.395,206
2026-07-23T02:07:00+02:00,4129.279,4129.279,4128.175,4128.586,141
2026-07-23T02:08:00+02:00,4128.505,4128.871,4127.344,4128.154,208
2026-07-23T02:09:00+02:00,4128.08,4129.692,4128.08,4128.833,180
2026-07-23T02:10:00+02:00,4129.004,4129.036,4127.123,4127.538,121
2026-07-23T02:11:00+02:00,4127.652,4128.152,4126.241,4127.643,181
2026-07-23T02:12:00+02:00,4127.331,4127.564,4126.259,4126.886,145
2026-07-23T02:13:00+02:00,4127.002,4127.74,4126.39,4126.433,159
2026-07-23T02:14:00+02:00,4126.37,4127.386,4126.351,4126.757,138
2026-07-23T02:15:00+02:00,4126.631,4128.39,4126.578,4127.367,219
2026-07-23T02:16:00+02:00,4127.357,4128.352,4126.679,4128.107,173
2026-07-23T02:17:00+02:00,4128.117,4129.357,4127.571,4127.6,176
2026-07-23T02:18:00+02:00,4127.686,4128.141,4127.059,4127.999,124
2026-07-23T02:19:00+02:00,4127.944,4128.541,4127.47,4128.4,116
2026-07-23T02:20:00+02:00,4128.206,4129.134,4127.448,4128.569,178
2026-07-23T02:21:00+02:00,4128.519,4129.052,4127.61,4128.624,163
2026-07-23T02:22:00+02:00,4128.59,4130.775,4128.119,4130.443,180
2026-07-23T02:23:00+02:00,4130.494,4132.386,4130.428,4131.068,218
2026-07-23T02:24:00+02:00,4131.04,4132.915,4130.747,4132.662,200
2026-07-23T02:25:00+02:00,4132.75,4133.33,4132.06,4132.319,192
2026-07-23T02:26:00+02:00,4132.417,4133.304,4131.962,4132.845,168
2026-07-23T02:27:00+02:00,4132.741,4134.739,4132.353,4133.391,242
2026-07-23T02:28:00+02:00,4133.479,4133.479,4131.104,4131.273,128
2026-07-23T02:29:00+02:00,4131.224,4131.583,4128.687,4129.33,163
2026-07-23T02:30:00+02:00,4129.278,4130.12,4128.071,4130.037,201
2026-07-23T02:31:00+02:00,4130.082,4130.224,4128.883,4129.439,131
2026-07-23T02:32:00+02:00,4129.524,4131.622,4129.215,4131.622,129
2026-07-23T02:33:00+02:00,4131.464,4131.729,4130.254,4130.365,128
2026-07-23T02:34:00+02:00,4130.414,4131.475,4129.267,4130.256,198
2026-07-23T02:35:00+02:00,4130.177,4131.359,4129.9,4130.903,202
2026-07-23T02:36:00+02:00,4130.866,4132.263,4130.592,4131.713,139
2026-07-23T02:37:00+02:00,4131.729,4132.337,4131.434,4131.854,133
2026-07-23T02:38:00+02:00,4131.77,4132.198,4130.379,4130.727,122
2026-07-23T02:39:00+02:00,4130.563,4130.691,4127.847,4128.396,204
2026-07-23T02:40:00+02:00,4128.529,4129.181,4127.569,4128.104,210
2026-07-23T02:41:00+02:00,4128.054,4129.237,4127.803,4128.833,156
2026-07-23T02:42:00+02:00,4128.605,4129.033,4126.975,4127.83,170
2026-07-23T02:43:00+02:00,4127.725,4128.272,4127.576,4127.884,117
2026-07-23T02:44:00+02:00,4127.898,4128.531,4127.781,4128.095,79
2026-07-23T02:45:00+02:00,4128.036,4130.0,4127.424,4129.948,228
2026-07-23T02:46:00+02:00,4129.934,4130.017,4128.483,4129.119,130
2026-07-23T02:47:00+02:00,4129.108,4129.108,4127.395,4127.631,159
2026-07-23T02:48:00+02:00,4127.687,4127.824,4126.804,4127.704,116
2026-07-23T02:49:00+02:00,4127.692,4127.909,4126.805,4127.278,111
2026-07-23T02:50:00+02:00,4127.057,4127.839,4125.562,4125.787,123
2026-07-23T02:51:00+02:00,4125.649,4126.307,4125.024,4125.649,185
2026-07-23T02:52:00+02:00,4125.648,4126.588,4125.34,4126.274,134
2026-07-23T02:53:00+02:00,4126.278,4127.604,4125.93,4127.413,127
2026-07-23T02:54:00+02:00,4127.563,4129.486,4127.211,4128.974,154
2026-07-23T02:55:00+02:00,4128.78,4129.895,4128.152,4128.472,140
2026-07-23T02:56:00+02:00,4128.706,4128.802,4127.524,4128.236,139
2026-07-23T02:57:00+02:00,4128.237,4129.329,4127.837,4129.329,100
2026-07-23T02:58:00+02:00,4129.088,4129.856,4128.832,4129.32,112
2026-07-23T02:59:00+02:00,4129.426,4133.234,4129.377,4132.279,312
2026-07-23T03:00:00+02:00,4132.218,4139.063,4131.978,4137.393,1078
2026-07-23T03:01:00+02:00,4137.443,4139.035,4136.852,4137.784,673
2026-07-23T03:02:00+02:00,4137.461,4138.261,4133.219,4133.944,530
2026-07-23T03:03:00+02:00,4133.619,4133.64,4129.632,4133.0,669
2026-07-23T03:04:00+02:00,4132.627,4133.601,4131.13,4132.865,437
2026-07-23T03:05:00+02:00,4132.974,4134.8,4132.058,4134.544,362
2026-07-23T03:06:00+02:00,4134.645,4134.846,4131.089,4131.54,436
2026-07-23T03:07:00+02:00,4131.161,4133.095,4130.836,4132.809,340
2026-07-23T03:08:00+02:00,4132.869,4133.208,4130.554,4130.554,245
2026-07-23T03:09:00+02:00,4130.755,4133.628,4130.589,4133.628,262
2026-07-23T03:10:00+02:00,4133.571,4135.204,4131.904,4133.051,454
2026-07-23T03:11:00+02:00,4133.356,4135.166,4133.05,4135.166,301
2026-07-23T03:12:00+02:00,4135.232,4137.092,4134.33,4136.352,319
2026-07-23T03:13:00+02:00,4136.289,4137.041,4135.534,4136.206,294
2026-07-23T03:14:00+02:00,4135.904,4136.538,4134.104,4134.225,402
2026-07-23T03:15:00+02:00,4134.533,4136.018,4133.503,4135.533,263
2026-07-23T03:16:00+02:00,4135.439,4137.591,4134.814,4137.304,235
2026-07-23T03:17:00+02:00,4137.62,4137.692,4134.901,4135.664,230
2026-07-23T03:18:00+02:00,4135.605,4136.849,4134.231,4136.161,240
2026-07-23T03:19:00+02:00,4136.083,4137.272,4135.624,4135.978,268
2026-07-23T03:20:00+02:00,4135.952,4136.107,4134.738,4135.975,197
2026-07-23T03:21:00+02:00,4135.782,4138.553,4135.619,4137.584,263
2026-07-23T03:22:00+02:00,4137.677,4138.975,4136.907,4138.975,284
2026-07-23T03:23:00+02:00,4138.917,4140.122,4138.309,4138.405,296
2026-07-23T03:24:00+02:00,4138.46,4139.58,4137.556,4137.797,269
2026-07-23T03:25:00+02:00,4137.638,4138.54,4136.75,4137.828,249
2026-07-23T03:26:00+02:00,4138.012,4139.759,4137.665,4138.948,185
2026-07-23T03:27:00+02:00,4139.147,4141.033,4138.392,4138.637,293
2026-07-23T03:28:00+02:00,4138.582,4138.823,4136.855,4137.38,241
2026-07-23T03:29:00+02:00,4137.491,4138.01,4136.391,4137.502,195
2026-07-23T03:30:00+02:00,4137.621,4139.391,4128.744,4129.759,808
2026-07-23T03:31:00+02:00,4129.756,4132.65,4129.699,4131.137,446
2026-07-23T03:32:00+02:00,4131.097,4134.317,4130.641,4133.811,359
2026-07-23T03:33:00+02:00,4133.828,4134.637,4131.844,4134.212,357
2026-07-23T03:34:00+02:00,4134.162,4135.305,4132.987,4133.171,306
2026-07-23T03:35:00+02:00,4133.263,4133.827,4129.152,4130.65,425
2026-07-23T03:36:00+02:00,4130.676,4131.042,4126.328,4126.552,347
2026-07-23T03:37:00+02:00,4126.498,4127.135,4123.036,4125.541,523
2026-07-23T03:38:00+02:00,4125.596,4125.784,4123.853,4124.583,333
2026-07-23T03:39:00+02:00,4124.28,4125.95,4122.819,4123.111,395
2026-07-23T03:40:00+02:00,4122.978,4125.809,4122.978,4125.511,357
2026-07-23T03:41:00+02:00,4125.425,4126.192,4124.351,4125.877,274
2026-07-23T03:42:00+02:00,4125.914,4127.626,4125.096,4125.346,325
2026-07-23T03:43:00+02:00,4125.305,4125.868,4124.234,4125.732,320
2026-07-23T03:44:00+02:00,4125.781,4126.078,4121.384,4121.527,282
2026-07-23T03:45:00+02:00,4121.748,4123.401,4121.154,4123.315,346
2026-07-23T03:46:00+02:00,4123.218,4123.748,4120.656,4120.939,303
2026-07-23T03:47:00+02:00,4120.884,4122.301,4120.283,4120.416,307
2026-07-23T03:48:00+02:00,4120.529,4120.907,4117.943,4118.786,351
2026-07-23T03:49:00+02:00,4118.838,4121.721,4118.573,4121.493,314
2026-07-23T03:50:00+02:00,4121.381,4122.402,4120.417,4122.126,290
2026-07-23T03:51:00+02:00,4121.927,4122.593,4120.55,4120.822,246
2026-07-23T03:52:00+02:00,4120.769,4122.435,4120.471,4121.985,291
2026-07-23T03:53:00+02:00,4121.67,4121.67,4118.112,4118.387,275
2026-07-23T03:54:00+02:00,4118.35,4119.429,4117.901,4119.064,299
2026-07-23T03:55:00+02:00,4119.013,4119.013,4117.242,4118.325,290
2026-07-23T03:56:00+02:00,4118.376,4119.24,4114.315,4114.639,426
2026-07-23T03:57:00+02:00,4114.572,4117.992,4114.293,4116.213,512
2026-07-23T03:58:00+02:00,4116.264,4117.96,4115.313,4117.701,296
2026-07-23T03:59:00+02:00,4118.003,4118.284,4117.192,4117.927,192
2026-07-23T04:00:00+02:00,4117.871,4118.929,4117.417,4117.552,295
2026-07-23T04:01:00+02:00,4117.572,4118.88,4116.22,4118.215,330
2026-07-23T04:02:00+02:00,4118.159,4118.265,4115.103,4115.763,308
2026-07-23T04:03:00+02:00,4115.819,4116.07,4113.612,4114.185,310
2026-07-23T04:04:00+02:00,4113.886,4115.162,4112.768,4113.969,328
2026-07-23T04:05:00+02:00,4114.029,4114.685,4112.189,4113.907,433
2026-07-23T04:06:00+02:00,4113.984,4115.534,4113.353,4115.251,245
2026-07-23T04:07:00+02:00,4114.895,4116.861,4114.81,4116.776,234
2026-07-23T04:08:00+02:00,4116.47,4116.584,4113.632,4114.428,217
2026-07-23T04:09:00+02:00,4114.444,4114.778,4113.384,4114.289,208
2026-07-23T04:10:00+02:00,4114.292,4116.349,4114.187,4115.936,203
2026-07-23T04:11:00+02:00,4115.883,4116.933,4114.971,4116.307,207
2026-07-23T04:12:00+02:00,4116.509,4117.617,4116.217,4117.039,216
2026-07-23T04:13:00+02:00,4116.99,4118.424,4116.597,4117.894,195
2026-07-23T04:14:00+02:00,4117.579,4117.715,4116.486,4117.673,219
2026-07-23T04:15:00+02:00,4117.872,4118.097,4114.73,4115.04,262
2026-07-23T04:16:00+02:00,4115.018,4116.496,4114.745,4115.89,158
2026-07-23T04:17:00+02:00,4115.71,4116.681,4114.38,4114.427,240
2026-07-23T04:18:00+02:00,4114.377,4115.268,4113.149,4115.173,200
2026-07-23T04:19:00+02:00,4115.167,4116.805,4114.673,4115.06,286
2026-07-23T04:20:00+02:00,4114.899,4115.872,4114.263,4115.038,223
2026-07-23T04:21:00+02:00,4115.089,4116.512,4114.618,4115.865,158
2026-07-23T04:22:00+02:00,4116.117,4116.951,4115.539,4115.921,126
2026-07-23T04:23:00+02:00,4116.034,4117.131,4113.681,4115.292,277
2026-07-23T04:24:00+02:00,4115.35,4116.796,4115.15,4116.206,171
2026-07-23T04:25:00+02:00,4116.145,4116.8,4114.629,4115.273,270
2026-07-23T04:26:00+02:00,4115.196,4116.244,4114.214,4116.093,213
2026-07-23T04:27:00+02:00,4116.094,4116.435,4114.881,4115.359,187
2026-07-23T04:28:00+02:00,4115.616,4116.968,4115.079,4116.152,180
2026-07-23T04:29:00+02:00,4116.08,4116.556,4115.569,4116.506,147
2026-07-23T04:30:00+02:00,4116.453,4119.316,4115.358,4118.78,477
2026-07-23T04:31:00+02:00,4118.637,4119.183,4117.251,4117.464,245
2026-07-23T04:32:00+02:00,4117.514,4118.546,4115.253,4115.606,260
2026-07-23T04:33:00+02:00,4115.284,4116.775,4113.804,4114.87,298
2026-07-23T04:34:00+02:00,4114.818,4116.996,4114.641,4116.427,249
2026-07-23T04:35:00+02:00,4116.626,4117.563,4115.031,4115.247,275
2026-07-23T04:36:00+02:00,4115.299,4117.087,4114.902,4116.667,294
2026-07-23T04:37:00+02:00,4116.717,4117.769,4116.373,4116.657,202
2026-07-23T04:38:00+02:00,4116.603,4116.939,4115.667,4116.655,201
2026-07-23T04:39:00+02:00,4116.766,4118.981,4116.319,4118.569,195
2026-07-23T04:40:00+02:00,4118.681,4119.656,4118.224,4118.443,193
2026-07-23T04:41:00+02:00,4118.394,4120.173,4117.78,4119.693,227
2026-07-23T04:42:00+02:00,4119.497,4120.231,4119.151,4119.407,180
2026-07-23T04:43:00+02:00,4119.4,4121.635,4119.2,4121.12,220
2026-07-23T04:44:00+02:00,4121.088,4122.235,4120.987,4122.109,157
2026-07-23T04:45:00+02:00,4122.058,4125.49,4122.003,4124.134,211
2026-07-23T04:46:00+02:00,4124.084,4125.33,4123.349,4125.33,278
2026-07-23T04:47:00+02:00,4125.133,4125.318,4124.346,4124.911,260
2026-07-23T04:48:00+02:00,4124.961,4125.104,4123.215,4124.222,210
2026-07-23T04:49:00+02:00,4124.271,4124.845,4122.674,4122.761,247
2026-07-23T04:50:00+02:00,4122.72,4123.119,4121.257,4122.375,217
2026-07-23T04:51:00+02:00,4122.677,4125.538,4122.2,4125.538,234
2026-07-23T04:52:00+02:00,4125.682,4126.137,4124.347,4124.948,208
2026-07-23T04:53:00+02:00,4125.085,4128.872,4125.085,4126.229,311
2026-07-23T04:54:00+02:00,4126.484,4127.031,4125.11,4125.466,196
2026-07-23T04:55:00+02:00,4125.524,4126.381,4125.041,4126.178,159
2026-07-23T04:56:00+02:00,4126.22,4126.641,4125.817,4126.151,121
2026-07-23T04:57:00+02:00,4126.202,4127.478,4126.033,4127.118,149
2026-07-23T04:58:00+02:00,4127.064,4128.367,4126.967,4127.773,157
2026-07-23T04:59:00+02:00,4127.721,4127.98,4127.046,4127.98,149
2026-07-23T05:00:00+02:00,4127.928,4129.234,4127.182,4128.034,248
2026-07-23T05:01:00+02:00,4128.096,4128.349,4126.593,4127.001,174
2026-07-23T05:02:00+02:00,4127.092,4127.92,4126.907,4127.763,152
2026-07-23T05:03:00+02:00,4127.752,4128.326,4125.887,4126.346,177
2026-07-23T05:04:00+02:00,4126.43,4127.048,4126.025,4126.077,153
2026-07-23T05:05:00+02:00,4126.019,4126.512,4124.866,4125.21,175
2026-07-23T05:06:00+02:00,4125.15,4127.594,4125.15,4126.86,183
2026-07-23T05:07:00+02:00,4126.811,4127.141,4125.961,4126.442,178
2026-07-23T05:08:00+02:00,4126.448,4126.778,4125.182,4125.553,148
2026-07-23T05:09:00+02:00,4125.609,4126.202,4124.464,4124.99,233
2026-07-23T05:10:00+02:00,4125.15,4126.048,4124.07,4125.085,181
2026-07-23T05:11:00+02:00,4125.078,4126.191,4124.654,4125.803,158
2026-07-23T05:12:00+02:00,4125.943,4125.943,4124.637,4124.918,144
2026-07-23T05:13:00+02:00,4124.879,4125.812,4124.726,4125.593,146
2026-07-23T05:14:00+02:00,4125.606,4127.239,4125.062,4127.051,207
2026-07-23T05:15:00+02:00,4127.103,4127.616,4126.425,4127.119,229
2026-07-23T05:16:00+02:00,4127.179,4129.05,4126.766,4128.512,201
2026-07-23T05:17:00+02:00,4128.566,4129.946,4128.566,4128.936,183
2026-07-23T05:18:00+02:00,4128.865,4130.81,4128.711,4130.186,235
2026-07-23T05:19:00+02:00,4130.179,4131.062,4129.502,4130.942,160
2026-07-23T05:20:00+02:00,4130.957,4131.525,4130.419,4131.297,145
2026-07-23T05:21:00+02:00,4131.32,4131.852,4131.009,4131.134,124
2026-07-23T05:22:00+02:00,4131.118,4133.293,4130.994,4132.576,179
2026-07-23T05:23:00+02:00,4132.561,4132.702,4131.989,4132.451,141
2026-07-23T05:24:00+02:00,4132.401,4132.984,4131.347,4132.584,187
2026-07-23T05:25:00+02:00,4132.535,4132.535,4131.005,4131.107,177
2026-07-23T05:26:00+02:00,4131.057,4131.972,4131.057,4131.462,147
2026-07-23T05:27:00+02:00,4131.406,4131.406,4129.716,4129.9,166
2026-07-23T05:28:00+02:00,4129.953,4130.681,4129.629,4130.681,105
2026-07-23T05:29:00+02:00,4130.452,4130.835,4130.042,4130.341,156
2026-07-23T05:30:00+02:00,4130.297,4130.475,4128.396,4130.252,236
2026-07-23T05:31:00+02:00,4130.142,4130.393,4129.178,4129.204,153
2026-07-23T05:32:00+02:00,4129.182,4129.909,4129.028,4129.287,101
2026-07-23T05:33:00+02:00,4129.345,4129.981,4129.258,4129.493,117
2026-07-23T05:34:00+02:00,4129.524,4130.434,4129.228,4130.413,115
2026-07-23T05:35:00+02:00,4130.364,4130.489,4129.664,4130.228,104
2026-07-23T05:36:00+02:00,4130.215,4131.118,4129.09,4129.543,132
2026-07-23T05:37:00+02:00,4129.57,4129.666,4128.5,4128.85,141
2026-07-23T05:38:00+02:00,4129.052,4129.453,4128.727,4129.226,106
2026-07-23T05:39:00+02:00,4128.986,4129.602,4128.586,4129.345,125
2026-07-23T05:40:00+02:00,4129.332,4129.835,4129.144,4129.656,111
2026-07-23T05:41:00+02:00,4129.667,4130.221,4128.865,4129.2,162
2026-07-23T05:42:00+02:00,4129.17,4129.588,4126.664,4127.03,205
2026-07-23T05:43:00+02:00,4126.902,4127.524,4126.035,4126.968,218
2026-07-23T05:44:00+02:00,4127.12,4129.306,4126.64,4128.724,218
2026-07-23T05:45:00+02:00,4128.79,4128.815,4127.721,4128.026,133
2026-07-23T05:46:00+02:00,4128.041,4128.575,4126.424,4126.498,126
2026-07-23T05:47:00+02:00,4126.55,4126.616,4125.597,4125.775,136
2026-07-23T05:48:00+02:00,4125.871,4125.892,4125.161,4125.334,120
2026-07-23T05:49:00+02:00,4125.444,4125.959,4124.973,4125.574,93
2026-07-23T05:50:00+02:00,4125.587,4126.013,4125.122,4125.469,84
2026-07-23T05:51:00+02:00,4125.288,4125.677,4124.872,4125.158,82
2026-07-23T05:52:00+02:00,4125.158,4125.912,4125.025,4125.583,112
2026-07-23T05:53:00+02:00,4125.839,4126.014,4125.43,4125.982,66
2026-07-23T05:54:00+02:00,4125.923,4126.227,4125.509,4125.871,83
2026-07-23T05:55:00+02:00,4125.819,4126.015,4125.19,4125.629,84
2026-07-23T05:56:00+02:00,4125.442,4125.643,4124.213,4124.568,112
2026-07-23T05:57:00+02:00,4124.579,4126.042,4124.372,4125.772,109
2026-07-23T05:58:00+02:00,4125.719,4125.898,4125.061,4125.096,82
2026-07-23T05:59:00+02:00,4125.032,4125.062,4123.897,4124.706,91
2026-07-23T06:00:00+02:00,4124.686,4125.315,4123.79,4124.023,97
2026-07-23T06:01:00+02:00,4123.979,4124.716,4123.979,4124.553,65
2026-07-23T06:02:00+02:00,4124.603,4125.179,4124.144,4124.411,65
2026-07-23T06:03:00+02:00,4124.24,4124.532,4122.784,4122.98,96
2026-07-23T06:04:00+02:00,4123.03,4123.845,4122.639,4123.448,121
2026-07-23T06:05:00+02:00,4123.572,4123.898,4122.345,4122.981,129
2026-07-23T06:06:00+02:00,4122.969,4123.458,4122.581,4123.458,105
2026-07-23T06:07:00+02:00,4123.364,4124.875,4122.969,4124.333,109
2026-07-23T06:08:00+02:00,4124.494,4125.689,4124.355,4125.478,132
2026-07-23T06:09:00+02:00,4125.314,4125.687,4124.639,4125.424,130
2026-07-23T06:10:00+02:00,4125.372,4125.859,4124.08,4124.569,145
2026-07-23T06:11:00+02:00,4124.622,4125.157,4123.914,4124.232,123
2026-07-23T06:12:00+02:00,4123.981,4125.408,4123.887,4125.205,132
2026-07-23T06:13:00+02:00,4125.282,4127.221,4125.249,4126.975,160
2026-07-23T06:14:00+02:00,4127.026,4127.636,4126.632,4127.561,148
2026-07-23T06:15:00+02:00,4127.644,4128.246,4127.086,4127.434,179
2026-07-23T06:16:00+02:00,4127.704,4127.961,4126.311,4126.361,128
2026-07-23T06:17:00+02:00,4126.127,4126.862,4125.062,4125.794,120
2026-07-23T06:18:00+02:00,4125.811,4125.99,4124.985,4125.776,127
2026-07-23T06:19:00+02:00,4125.771,4126.4,4125.244,4125.293,134
2026-07-23T06:20:00+02:00,4125.562,4126.622,4125.315,4126.25,137
2026-07-23T06:21:00+02:00,4126.271,4127.669,4125.93,4127.336,134
2026-07-23T06:22:00+02:00,4127.351,4128.979,4127.182,4128.979,114
2026-07-23T06:23:00+02:00,4128.977,4129.133,4128.221,4128.689,144
2026-07-23T06:24:00+02:00,4128.938,4128.946,4127.662,4127.992,103
2026-07-23T06:25:00+02:00,4128.201,4129.271,4127.502,4128.668,178
2026-07-23T06:26:00+02:00,4128.597,4129.161,4128.1,4128.722,136
2026-07-23T06:27:00+02:00,4128.747,4128.893,4128.362,4128.621,88
2026-07-23T06:28:00+02:00,4128.647,4128.87,4128.02,4128.083,75
2026-07-23T06:29:00+02:00,4128.149,4129.986,4127.187,4129.682,146
2026-07-23T06:30:00+02:00,4129.757,4130.45,4127.578,4127.947,270
2026-07-23T06:31:00+02:00,4127.68,4128.161,4125.917,4126.273,150
2026-07-23T06:32:00+02:00,4126.331,4126.627,4125.496,4126.06,141
2026-07-23T06:33:00+02:00,4126.26,4126.96,4125.739,4126.226,185
2026-07-23T06:34:00+02:00,4125.959,4127.11,4125.904,4126.835,87
2026-07-23T06:35:00+02:00,4126.858,4127.141,4126.304,4126.613,133
2026-07-23T06:36:00+02:00,4126.666,4127.368,4126.535,4127.174,107
2026-07-23T06:37:00+02:00,4127.395,4127.51,4126.786,4127.05,80
2026-07-23T06:38:00+02:00,4127.131,4127.208,4126.317,4126.995,126
2026-07-23T06:39:00+02:00,4126.721,4127.159,4125.717,4125.857,107
2026-07-23T06:40:00+02:00,4125.722,4125.832,4124.567,4124.795,128
2026-07-23T06:41:00+02:00,4124.818,4125.294,4123.464,4123.874,99
2026-07-23T06:42:00+02:00,4123.869,4124.257,4123.437,4124.079,128
2026-07-23T06:43:00+02:00,4124.091,4124.128,4123.499,4123.757,73
2026-07-23T06:44:00+02:00,4123.791,4124.286,4122.97,4123.291,116
2026-07-23T06:45:00+02:00,4123.275,4123.446,4121.575,4123.266,140
2026-07-23T06:46:00+02:00,4123.233,4123.821,4122.951,4123.297,125
2026-07-23T06:47:00+02:00,4123.312,4124.382,4123.2,4124.126,67
2026-07-23T06:48:00+02:00,4124.105,4124.105,4121.889,4122.655,146
2026-07-23T06:49:00+02:00,4122.842,4122.842,4121.817,4121.912,108
2026-07-23T06:50:00+02:00,4121.981,4122.85,4121.876,4122.231,85
2026-07-23T06:51:00+02:00,4122.166,4122.516,4121.488,4121.543,88
2026-07-23T06:52:00+02:00,4121.771,4122.107,4120.2,4120.2,114
2026-07-23T06:53:00+02:00,4120.402,4121.311,4119.974,4121.11,106
2026-07-23T06:54:00+02:00,4121.097,4121.636,4120.604,4120.861,134
2026-07-23T06:55:00+02:00,4120.917,4121.29,4120.291,4120.293,100
2026-07-23T06:56:00+02:00,4120.403,4120.755,4119.995,4120.567,100
2026-07-23T06:57:00+02:00,4120.732,4121.241,4120.213,4121.239,95
2026-07-23T06:58:00+02:00,4121.338,4121.474,4120.825,4121.474,101
2026-07-23T06:59:00+02:00,4121.425,4121.662,4121.052,4121.351,78
2026-07-23T07:00:00+02:00,4121.249,4122.637,4120.888,4121.34,223
2026-07-23T07:01:00+02:00,4121.203,4122.214,4119.984,4120.392,143
2026-07-23T07:02:00+02:00,4120.489,4121.096,4119.815,4120.712,135
2026-07-23T07:03:00+02:00,4120.776,4121.037,4119.559,4120.2,140
2026-07-23T07:04:00+02:00,4119.831,4120.577,4119.428,4120.577,146
2026-07-23T07:05:00+02:00,4120.629,4121.226,4120.42,4120.691,118
2026-07-23T07:06:00+02:00,4120.625,4121.683,4120.405,4121.451,100
2026-07-23T07:07:00+02:00,4121.319,4123.857,4121.254,4123.317,143
2026-07-23T07:08:00+02:00,4123.272,4124.196,4122.924,4123.68,139
2026-07-23T07:09:00+02:00,4123.614,4124.246,4122.99,4124.051,114
2026-07-23T07:10:00+02:00,4124.354,4124.428,4123.525,4123.929,112
2026-07-23T07:11:00+02:00,4123.85,4124.925,4123.628,4124.338,132
2026-07-23T07:12:00+02:00,4124.266,4124.599,4123.283,4124.428,162
2026-07-23T07:13:00+02:00,4124.442,4124.789,4123.881,4124.319,89
2026-07-23T07:14:00+02:00,4124.429,4124.843,4124.232,4124.376,101
2026-07-23T07:15:00+02:00,4124.184,4124.239,4122.082,4122.848,154
2026-07-23T07:16:00+02:00,4122.591,4122.74,4121.496,4122.035,113
2026-07-23T07:17:00+02:00,4122.062,4122.507,4121.581,4122.423,89
2026-07-23T07:18:00+02:00,4122.196,4123.29,4121.859,4123.059,130
2026-07-23T07:19:00+02:00,4122.791,4123.208,4121.248,4122.039,136
2026-07-23T07:20:00+02:00,4121.925,4122.677,4121.542,4122.297,147
2026-07-23T07:21:00+02:00,4122.568,4122.568,4121.718,4121.914,99
2026-07-23T07:22:00+02:00,4122.044,4122.851,4121.065,4121.119,126
2026-07-23T07:23:00+02:00,4121.155,4121.168,4119.876,4120.197,101
2026-07-23T07:24:00+02:00,4120.195,4121.622,4119.771,4121.303,131
2026-07-23T07:25:00+02:00,4121.529,4121.962,4121.042,4121.524,139
2026-07-23T07:26:00+02:00,4121.28,4122.922,4121.28,4122.922,157
2026-07-23T07:27:00+02:00,4122.999,4123.417,4122.64,4123.01,116
2026-07-23T07:28:00+02:00,4123.023,4123.463,4122.886,4122.976,106
2026-07-23T07:29:00+02:00,4122.963,4125.673,4122.963,4125.621,136
2026-07-23T07:30:00+02:00,4125.677,4128.421,4123.281,4127.584,548
2026-07-23T07:31:00+02:00,4127.644,4128.482,4126.645,4127.984,264
2026-07-23T07:32:00+02:00,4127.93,4127.93,4124.867,4125.842,295
2026-07-23T07:33:00+02:00,4125.472,4127.563,4125.366,4127.018,212
2026-07-23T07:34:00+02:00,4127.09,4127.942,4126.734,4127.428,201
2026-07-23T07:35:00+02:00,4127.495,4128.035,4126.241,4127.333,220
2026-07-23T07:36:00+02:00,4127.384,4127.98,4127.088,4127.441,146
2026-07-23T07:37:00+02:00,4127.138,4128.529,4126.394,4127.121,193
2026-07-23T07:38:00+02:00,4127.185,4127.857,4126.607,4126.966,163
2026-07-23T07:39:00+02:00,4127.078,4127.281,4125.973,4126.201,172
2026-07-23T07:40:00+02:00,4126.256,4126.963,4124.87,4125.327,202
2026-07-23T07:41:00+02:00,4125.286,4126.373,4124.433,4125.669,229
2026-07-23T07:42:00+02:00,4125.937,4126.302,4124.736,4125.507,211
2026-07-23T07:43:00+02:00,4125.456,4126.188,4124.788,4125.448,184
2026-07-23T07:44:00+02:00,4125.501,4127.644,4125.265,4127.554,178
2026-07-23T07:45:00+02:00,4127.504,4128.606,4126.94,4127.838,193
2026-07-23T07:46:00+02:00,4127.536,4129.563,4127.504,4129.467,203
2026-07-23T07:47:00+02:00,4129.408,4130.602,4128.853,4128.93,199
2026-07-23T07:48:00+02:00,4129.183,4129.183,4126.515,4126.948,212
2026-07-23T07:49:00+02:00,4126.965,4127.188,4126.018,4126.75,152
2026-07-23T07:50:00+02:00,4126.491,4126.754,4124.156,4124.534,227
2026-07-23T07:51:00+02:00,4124.583,4125.292,4124.236,4125.245,172
2026-07-23T07:52:00+02:00,4125.298,4127.464,4124.974,4126.952,177
2026-07-23T07:53:00+02:00,4126.936,4127.083,4125.967,4126.277,130
2026-07-23T07:54:00+02:00,4126.394,4126.729,4124.975,4125.321,154
2026-07-23T07:55:00+02:00,4125.123,4125.494,4122.218,4123.007,250
2026-07-23T07:56:00+02:00,4123.063,4123.114,4121.182,4121.771,214
2026-07-23T07:57:00+02:00,4121.71,4121.771,4120.43,4121.283,164
2026-07-23T07:58:00+02:00,4121.195,4122.65,4121.173,4122.23,159
2026-07-23T07:59:00+02:00,4122.442,4124.327,4122.185,4123.83,226
2026-07-23T08:00:00+02:00,4123.891,4127.635,4123.891,4126.89,336
2026-07-23T08:01:00+02:00,4126.944,4128.232,4125.908,4126.186,254
2026-07-23T08:02:00+02:00,4126.108,4126.636,4123.191,4124.791,333
2026-07-23T08:03:00+02:00,4124.693,4126.204,4124.37,4125.879,282
2026-07-23T08:04:00+02:00,4125.827,4126.09,4123.772,4123.954,234
2026-07-23T08:05:00+02:00,4124.121,4124.94,4122.357,4123.081,295
2026-07-23T08:06:00+02:00,4123.277,4123.568,4122.261,4122.832,205
2026-07-23T08:07:00+02:00,4122.835,4122.835,4121.21,4122.204,191
2026-07-23T08:08:00+02:00,4122.395,4122.964,4121.752,4122.765,189
2026-07-23T08:09:00+02:00,4122.489,4123.993,4122.265,4122.325,204
2026-07-23T08:10:00+02:00,4122.301,4123.844,4122.173,4123.616,150
2026-07-23T08:11:00+02:00,4123.837,4124.136,4123.152,4123.584,146
2026-07-23T08:12:00+02:00,4123.651,4124.436,4121.586,4123.197,194
2026-07-23T08:13:00+02:00,4123.164,4123.837,4122.79,4123.75,117
2026-07-23T08:14:00+02:00,4123.549,4124.056,4122.774,4123.035,142
2026-07-23T08:15:00+02:00,4122.975,4123.806,4122.366,4123.366,165
2026-07-23T08:16:00+02:00,4123.086,4124.224,4122.771,4124.129,164
2026-07-23T08:17:00+02:00,4123.795,4125.524,4123.526,4125.143,171
2026-07-23T08:18:00+02:00,4125.199,4126.662,4125.199,4125.951,179
2026-07-23T08:19:00+02:00,4125.898,4127.735,4125.898,4126.713,196
2026-07-23T08:20:00+02:00,4126.776,4127.11,4125.235,4125.348,121
2026-07-23T08:21:00+02:00,4125.399,4126.348,4125.006,4125.287,187
2026-07-23T08:22:00+02:00,4125.269,4125.269,4123.393,4124.373,159
2026-07-23T08:23:00+02:00,4124.225,4125.08,4123.857,4124.343,124
2026-07-23T08:24:00+02:00,4124.547,4125.159,4124.4,4124.978,110
2026-07-23T08:25:00+02:00,4124.779,4124.98,4123.248,4123.308,162
2026-07-23T08:26:00+02:00,4123.251,4123.251,4122.357,4122.989,105
2026-07-23T08:27:00+02:00,4122.995,4123.91,4121.132,4123.511,220
2026-07-23T08:28:00+02:00,4123.65,4123.768,4122.136,4122.136,159
2026-07-23T08:29:00+02:00,4122.086,4122.487,4121.389,4122.14,173
2026-07-23T08:30:00+02:00,4122.057,4123.055,4121.561,4122.78,214
2026-07-23T08:31:00+02:00,4122.831,4123.072,4121.02,4121.116,151
2026-07-23T08:32:00+02:00,4121.171,4122.149,4120.435,4121.197,181
2026-07-23T08:33:00+02:00,4121.148,4122.054,4120.734,4121.697,166
2026-07-23T08:34:00+02:00,4121.663,4122.782,4120.613,4122.481,197
2026-07-23T08:35:00+02:00,4122.432,4123.218,4121.916,4122.357,163
2026-07-23T08:36:00+02:00,4122.351,4123.225,4122.205,4122.815,159
2026-07-23T08:37:00+02:00,4122.644,4123.955,4122.449,4123.179,158
2026-07-23T08:38:00+02:00,4123.112,4123.169,4121.256,4122.639,224
2026-07-23T08:39:00+02:00,4122.925,4123.034,4120.722,4120.94,182
2026-07-23T08:40:00+02:00,4120.879,4120.879,4118.06,4118.116,239
2026-07-23T08:41:00+02:00,4118.179,4118.79,4116.878,4118.79,261
2026-07-23T08:42:00+02:00,4118.837,4119.533,4118.196,4118.588,230
2026-07-23T08:43:00+02:00,4118.471,4120.62,4118.471,4120.55,145
2026-07-23T08:44:00+02:00,4120.498,4121.264,4119.621,4120.165,138
2026-07-23T08:45:00+02:00,4120.049,4121.997,4119.031,4121.352,233
2026-07-23T08:46:00+02:00,4121.328,4121.784,4120.777,4121.212,158
2026-07-23T08:47:00+02:00,4121.136,4121.835,4120.508,4120.755,132
2026-07-23T08:48:00+02:00,4121.014,4121.824,4120.206,4121.75,155
2026-07-23T08:49:00+02:00,4121.573,4122.202,4121.473,4121.722,141
2026-07-23T08:50:00+02:00,4121.451,4122.196,4121.136,4121.864,136
2026-07-23T08:51:00+02:00,4121.858,4122.007,4120.888,4120.888,146
2026-07-23T08:52:00+02:00,4120.938,4121.123,4119.665,4120.782,167
2026-07-23T08:53:00+02:00,4120.791,4121.353,4120.414,4121.135,127
2026-07-23T08:54:00+02:00,4121.094,4121.203,4119.657,4120.281,174
2026-07-23T08:55:00+02:00,4120.205,4120.456,4119.216,4119.738,152
2026-07-23T08:56:00+02:00,4119.734,4120.406,4119.371,4119.641,127
2026-07-23T08:57:00+02:00,4119.653,4120.114,4119.345,4119.727,111
2026-07-23T08:58:00+02:00,4119.678,4119.804,4117.87,4118.241,278
2026-07-23T08:59:00+02:00,4118.183,4119.121,4118.06,4118.611,122
2026-07-23T09:00:00+02:00,4118.591,4119.442,4116.056,4117.471,429
2026-07-23T09:01:00+02:00,4117.522,4118.023,4113.792,4114.599,375
2026-07-23T09:02:00+02:00,4114.657,4115.945,4114.248,4115.45,200
2026-07-23T09:03:00+02:00,4115.608,4116.218,4115.166,4115.987,242
2026-07-23T09:04:00+02:00,4115.79,4116.655,4114.031,4115.414,234
2026-07-23T09:05:00+02:00,4115.482,4116.429,4114.743,4115.763,221
2026-07-23T09:06:00+02:00,4115.856,4115.868,4112.99,4113.38,216
2026-07-23T09:07:00+02:00,4113.494,4113.922,4111.465,4112.311,261
2026-07-23T09:08:00+02:00,4112.39,4113.098,4111.635,4112.173,188
2026-07-23T09:09:00+02:00,4112.224,4112.351,4109.438,4110.573,269
2026-07-23T09:10:00+02:00,4110.625,4110.625,4106.493,4106.968,271
2026-07-23T09:11:00+02:00,4106.914,4107.151,4105.211,4105.231,280
2026-07-23T09:12:00+02:00,4105.293,4105.594,4101.945,4103.174,391
2026-07-23T09:13:00+02:00,4103.112,4104.347,4102.081,4103.485,365
2026-07-23T09:14:00+02:00,4103.388,4107.436,4102.826,4106.574,333
2026-07-23T09:15:00+02:00,4106.523,4108.504,4106.409,4108.033,259
2026-07-23T09:16:00+02:00,4107.711,4111.702,4106.656,4111.569,290
2026-07-23T09:17:00+02:00,4111.62,4111.832,4109.203,4110.25,346
2026-07-23T09:18:00+02:00,4110.2,4111.155,4108.299,4109.917,338
2026-07-23T09:19:00+02:00,4109.97,4111.047,4108.791,4109.406,260
2026-07-23T09:20:00+02:00,4109.713,4109.713,4107.629,4109.004,271
2026-07-23T09:21:00+02:00,4108.891,4109.726,4108.042,4108.899,234
2026-07-23T09:22:00+02:00,4108.848,4109.623,4107.996,4108.715,246
2026-07-23T09:23:00+02:00,4108.527,4109.471,4107.649,4108.305,231
2026-07-23T09:24:00+02:00,4108.585,4108.585,4105.535,4105.752,253
2026-07-23T09:25:00+02:00,4105.911,4109.267,4105.817,4109.059,211
2026-07-23T09:26:00+02:00,4109.11,4110.007,4108.282,4110.007,211
2026-07-23T09:27:00+02:00,4110.068,4110.618,4109.363,4109.416,168
2026-07-23T09:28:00+02:00,4109.663,4109.713,4107.567,4107.919,189
2026-07-23T09:29:00+02:00,4107.987,4108.947,4107.692,4108.484,178
2026-07-23T09:30:00+02:00,4108.599,4108.969,4103.558,4103.731,251
2026-07-23T09:31:00+02:00,4103.757,4104.799,4102.79,4103.255,254
2026-07-23T09:32:00+02:00,4103.201,4104.008,4101.986,4103.806,225
2026-07-23T09:33:00+02:00,4103.724,4106.526,4103.522,4106.431,212
2026-07-23T09:34:00+02:00,4106.65,4106.65,4104.972,4105.135,181
2026-07-23T09:35:00+02:00,4105.379,4105.844,4102.017,4103.578,282
2026-07-23T09:36:00+02:00,4103.558,4104.969,4103.115,4104.496,204
2026-07-23T09:37:00+02:00,4104.576,4104.709,4102.859,4103.443,170
2026-07-23T09:38:00+02:00,4103.333,4103.976,4100.307,4101.625,282
2026-07-23T09:39:00+02:00,4101.749,4102.185,4099.217,4100.712,275
2026-07-23T09:40:00+02:00,4100.825,4101.989,4100.252,4101.318,230
2026-07-23T09:41:00+02:00,4101.307,4102.013,4099.56,4099.699,211
2026-07-23T09:42:00+02:00,4099.75,4100.221,4093.735,4094.39,365
2026-07-23T09:43:00+02:00,4094.44,4096.399,4091.182,4096.399,463
2026-07-23T09:44:00+02:00,4096.129,4096.626,4094.592,4095.669,258
2026-07-23T09:45:00+02:00,4095.724,4096.957,4094.372,4095.153,311
2026-07-23T09:46:00+02:00,4094.986,4095.013,4092.286,4094.754,302
2026-07-23T09:47:00+02:00,4094.828,4094.885,4091.073,4092.368,350
2026-07-23T09:48:00+02:00,4092.422,4095.43,4091.713,4095.38,288
2026-07-23T09:49:00+02:00,4095.437,4095.437,4091.631,4093.174,246
2026-07-23T09:50:00+02:00,4093.081,4094.81,4091.253,4094.751,251
2026-07-23T09:51:00+02:00,4094.698,4095.122,4093.22,4093.289,243
2026-07-23T09:52:00+02:00,4093.025,4094.315,4092.289,4092.935,276
2026-07-23T09:53:00+02:00,4092.82,4093.0,4089.938,4091.49,278
2026-07-23T09:54:00+02:00,4091.379,4094.06,4090.856,4093.275,283
2026-07-23T09:55:00+02:00,4093.217,4096.625,4092.2,4095.669,410
2026-07-23T09:56:00+02:00,4095.618,4096.083,4094.058,4096.015,303
2026-07-23T09:57:00+02:00,4095.709,4096.974,4094.23,4094.315,283
2026-07-23T09:58:00+02:00,4094.261,4095.336,4093.336,4094.319,271
2026-07-23T09:59:00+02:00,4094.322,4095.526,4094.273,4095.526,199
2026-07-23T10:00:00+02:00,4095.477,4097.304,4092.364,4092.588,400
2026-07-23T10:01:00+02:00,4092.513,4092.513,4090.046,4090.874,338
2026-07-23T10:02:00+02:00,4090.935,4092.814,4090.746,4091.779,291
2026-07-23T10:03:00+02:00,4091.751,4094.516,4091.249,4093.254,298
2026-07-23T10:04:00+02:00,4093.051,4093.254,4090.646,4092.221,261
2026-07-23T10:05:00+02:00,4092.383,4093.716,4092.176,4093.252,308
2026-07-23T10:06:00+02:00,4093.454,4094.076,4092.78,4093.127,203
2026-07-23T10:07:00+02:00,4093.04,4096.107,4093.04,4095.426,200
2026-07-23T10:08:00+02:00,4095.445,4095.445,4093.606,4093.978,201
2026-07-23T10:09:00+02:00,4093.928,4096.003,4093.312,4095.923,169
2026-07-23T10:10:00+02:00,4095.974,4097.792,4094.533,4094.651,244
2026-07-23T10:11:00+02:00,4094.843,4095.114,4093.694,4094.829,195
2026-07-23T10:12:00+02:00,4094.765,4096.007,4094.183,4094.615,217
2026-07-23T10:13:00+02:00,4094.556,4094.657,4092.936,4093.356,188
2026-07-23T10:14:00+02:00,4093.241,4093.618,4090.092,4091.621,262
2026-07-23T10:15:00+02:00,4091.571,4092.6,4091.383,4091.657,199
2026-07-23T10:16:00+02:00,4091.797,4092.525,4090.379,4091.921,263
2026-07-23T10:17:00+02:00,4092.084,4092.559,4091.356,4092.312,202
2026-07-23T10:18:00+02:00,4092.216,4092.362,4090.395,4091.629,181
2026-07-23T10:19:00+02:00,4091.653,4091.653,4089.281,4089.727,186
2026-07-23T10:20:00+02:00,4089.755,4091.179,4089.465,4090.737,163
2026-07-23T10:21:00+02:00,4090.821,4090.874,4088.369,4089.536,220
2026-07-23T10:22:00+02:00,4089.613,4091.695,4089.236,4091.44,207
2026-07-23T10:23:00+02:00,4091.277,4091.706,4089.554,4090.24,189
2026-07-23T10:24:00+02:00,4090.248,4091.339,4089.558,4090.73,196
2026-07-23T10:25:00+02:00,4090.783,4090.939,4089.91,4090.273,149
2026-07-23T10:26:00+02:00,4090.323,4091.326,4088.828,4091.178,198
2026-07-23T10:27:00+02:00,4091.279,4091.501,4090.664,4091.303,121
2026-07-23T10:28:00+02:00,4091.352,4092.056,4089.997,4090.78,193
2026-07-23T10:29:00+02:00,4090.73,4092.149,4090.202,4092.07,199
2026-07-23T10:30:00+02:00,4092.012,4092.012,4090.478,4091.087,197
2026-07-23T10:31:00+02:00,4091.097,4091.546,4090.014,4090.8,208
2026-07-23T10:32:00+02:00,4090.579,4090.99,4089.939,4090.518,227
2026-07-23T10:33:00+02:00,4090.469,4091.766,4090.003,4091.726,192
2026-07-23T10:34:00+02:00,4091.703,4093.537,4091.222,4092.511,180
2026-07-23T10:35:00+02:00,4092.525,4093.7,4090.943,4091.535,196
2026-07-23T10:36:00+02:00,4091.586,4092.9,4091.188,4092.796,134
2026-07-23T10:37:00+02:00,4092.73,4093.047,4091.033,4091.335,115
2026-07-23T10:38:00+02:00,4091.387,4092.362,4090.811,4092.2,185
2026-07-23T10:39:00+02:00,4092.119,4092.81,4091.645,4091.831,207
2026-07-23T10:40:00+02:00,4091.845,4092.341,4090.099,4090.408,213
2026-07-23T10:41:00+02:00,4090.468,4091.449,4088.93,4089.234,193
2026-07-23T10:42:00+02:00,4089.343,4090.975,4088.437,4090.673,190
2026-07-23T10:43:00+02:00,4090.979,4092.633,4090.81,4091.331,194
2026-07-23T10:44:00+02:00,4091.529,4092.778,4090.784,4092.362,151
2026-07-23T10:45:00+02:00,4092.178,4092.217,4091.004,4091.124,104
2026-07-23T10:46:00+02:00,4091.287,4091.756,4090.543,4091.503,157
2026-07-23T10:47:00+02:00,4091.508,4091.653,4089.562,4089.562,201
2026-07-23T10:48:00+02:00,4089.499,4089.854,4086.968,4089.081,283
2026-07-23T10:49:00+02:00,4089.169,4091.047,4088.792,4089.641,199
2026-07-23T10:50:00+02:00,4089.521,4090.501,4088.064,4090.305,224
2026-07-23T10:51:00+02:00,4090.262,4090.929,4089.551,4090.407,162
2026-07-23T10:52:00+02:00,4090.355,4090.531,4088.704,4088.758,177
2026-07-23T10:53:00+02:00,4088.772,4091.032,4088.568,4090.554,177
2026-07-23T10:54:00+02:00,4090.606,4093.083,4090.21,4093.003,164
2026-07-23T10:55:00+02:00,4092.864,4093.44,4092.394,4093.216,136
2026-07-23T10:56:00+02:00,4093.205,4094.09,4092.486,4094.09,152
2026-07-23T10:57:00+02:00,4094.139,4094.499,4093.411,4094.226,131
2026-07-23T10:58:00+02:00,4094.175,4094.929,4093.175,4093.321,140
2026-07-23T10:59:00+02:00,4093.266,4094.113,4093.057,4093.292,105
2026-07-23T11:00:00+02:00,4093.183,4094.213,4092.745,4093.133,230
2026-07-23T11:01:00+02:00,4093.079,4095.447,4092.98,4095.04,209
2026-07-23T11:02:00+02:00,4094.991,4096.397,4094.428,4095.648,190
2026-07-23T11:03:00+02:00,4095.767,4098.994,4095.151,4097.52,406
2026-07-23T11:04:00+02:00,4097.452,4099.424,4096.867,4098.95,259
2026-07-23T11:05:00+02:00,4099.06,4099.06,4097.415,4098.187,166
2026-07-23T11:06:00+02:00,4098.323,4098.571,4097.037,4097.571,219
2026-07-23T11:07:00+02:00,4097.538,4098.18,4096.577,4097.515,172
2026-07-23T11:08:00+02:00,4097.463,4098.15,4096.806,4097.634,154
2026-07-23T11:09:00+02:00,4097.511,4098.087,4096.63,4096.907,161
2026-07-23T11:10:00+02:00,4097.088,4098.18,4096.677,4097.951,165
2026-07-23T11:11:00+02:00,4098.015,4098.699,4097.765,4098.139,153
2026-07-23T11:12:00+02:00,4098.019,4098.226,4096.925,4096.925,145
2026-07-23T11:13:00+02:00,4097.121,4098.058,4096.504,4097.24,137
2026-07-23T11:14:00+02:00,4097.366,4097.922,4094.898,4095.009,202
2026-07-23T11:15:00+02:00,4094.949,4095.763,4094.669,4095.763,137
2026-07-23T11:16:00+02:00,4095.63,4095.693,4094.421,4094.919,127
2026-07-23T11:17:00+02:00,4095.118,4096.008,4093.995,4095.916,162
2026-07-23T11:18:00+02:00,4095.939,4096.178,4094.709,4094.709,119
2026-07-23T11:19:00+02:00,4094.66,4097.149,4094.468,4096.74,177
2026-07-23T11:20:00+02:00,4096.757,4096.956,4094.347,4094.851,163
2026-07-23T11:21:00+02:00,4094.863,4095.488,4093.737,4094.045,170
2026-07-23T11:22:00+02:00,4094.159,4094.977,4093.546,4093.934,151
2026-07-23T11:23:00+02:00,4093.876,4094.382,4093.241,4093.9,116
2026-07-23T11:24:00+02:00,4093.661,4094.88,4093.042,4093.587,180
2026-07-23T11:25:00+02:00,4093.381,4094.384,4091.741,4092.564,162
2026-07-23T11:26:00+02:00,4092.529,4092.529,4090.073,4090.073,139
2026-07-23T11:27:00+02:00,4090.271,4090.797,4089.529,4090.215,184
2026-07-23T11:28:00+02:00,4090.279,4091.923,4090.255,4091.548,180
2026-07-23T11:29:00+02:00,4091.254,4091.769,4089.955,4091.221,140
2026-07-23T11:30:00+02:00,4091.274,4091.556,4088.952,4090.079,355
2026-07-23T11:31:00+02:00,4089.924,4090.215,4088.718,4088.888,227
2026-07-23T11:32:00+02:00,4088.993,4089.812,4088.746,4089.635,151
2026-07-23T11:33:00+02:00,4089.831,4091.948,4089.52,4090.633,189
2026-07-23T11:34:00+02:00,4090.877,4092.205,4089.726,4091.968,218
2026-07-23T11:35:00+02:00,4091.952,4092.245,4090.976,4091.778,131
2026-07-23T11:36:00+02:00,4091.776,4092.813,4091.26,4092.132,172
2026-07-23T11:37:00+02:00,4092.257,4092.546,4090.807,4090.968,225
2026-07-23T11:38:00+02:00,4090.804,4092.132,4090.661,4091.508,138
2026-07-23T11:39:00+02:00,4091.764,4091.958,4090.966,4091.89,129
2026-07-23T11:40:00+02:00,4091.837,4091.837,4090.754,4091.157,174
2026-07-23T11:41:00+02:00,4091.228,4091.942,4090.359,4091.68,149
2026-07-23T11:42:00+02:00,4091.785,4092.155,4091.392,4092.145,110
2026-07-23T11:43:00+02:00,4092.198,4093.113,4091.851,4092.082,140
2026-07-23T11:44:00+02:00,4092.336,4092.927,4091.474,4091.775,153
2026-07-23T11:45:00+02:00,4091.891,4094.22,4091.891,4093.837,151
2026-07-23T11:46:00+02:00,4093.852,4094.104,4091.97,4092.534,162
2026-07-23T11:47:00+02:00,4092.586,4092.867,4091.794,4092.028,113
2026-07-23T11:48:00+02:00,4092.031,4093.179,4091.513,4092.837,138
2026-07-23T11:49:00+02:00,4092.75,4093.813,4092.75,4093.265,135
2026-07-23T11:50:00+02:00,4093.107,4093.107,4091.694,4092.454,141
2026-07-23T11:51:00+02:00,4092.485,4092.658,4090.526,4090.981,139
2026-07-23T11:52:00+02:00,4090.932,4091.783,4089.815,4091.607,185
2026-07-23T11:53:00+02:00,4091.549,4093.49,4091.5,4092.871,162
2026-07-23T11:54:00+02:00,4093.127,4093.935,4092.418,4092.918,178
2026-07-23T11:55:00+02:00,4092.789,4093.174,4091.512,4092.414,124
2026-07-23T11:56:00+02:00,4092.364,4092.364,4091.113,4091.113,126
2026-07-23T11:57:00+02:00,4091.164,4091.832,4089.106,4089.617,196
2026-07-23T11:58:00+02:00,4089.497,4090.154,4088.484,4089.013,124
2026-07-23T11:59:00+02:00,4088.958,4089.91,4088.397,4089.823,144
2026-07-23T12:00:00+02:00,4089.976,4091.174,4088.684,4089.358,229
2026-07-23T12:01:00+02:00,4089.226,4090.738,4087.953,4090.148,265
2026-07-23T12:02:00+02:00,4090.404,4091.57,4090.098,4090.724,160
2026-07-23T12:03:00+02:00,4090.522,4091.197,4090.117,4090.351,136
2026-07-23T12:04:00+02:00,4090.549,4091.042,4089.909,4090.509,149
2026-07-23T12:05:00+02:00,4090.559,4091.216,4090.139,4090.408,150
2026-07-23T12:06:00+02:00,4090.364,4091.215,4088.628,4090.26,246
2026-07-23T12:07:00+02:00,4090.299,4091.184,4089.616,4090.869,146
2026-07-23T12:08:00+02:00,4090.928,4091.335,4088.955,4089.22,151
2026-07-23T12:09:00+02:00,4089.223,4089.287,4087.861,4088.831,184
2026-07-23T12:10:00+02:00,4089.055,4089.573,4088.243,4088.813,194
2026-07-23T12:11:00+02:00,4088.81,4089.887,4088.81,4089.538,142
2026-07-23T12:12:00+02:00,4089.429,4091.352,4089.128,4091.067,121
2026-07-23T12:13:00+02:00,4091.107,4091.486,4089.536,4089.837,142
2026-07-23T12:14:00+02:00,4089.778,4091.24,4089.778,4090.742,176
2026-07-23T12:15:00+02:00,4090.689,4091.28,4090.113,4090.926,164
2026-07-23T12:16:00+02:00,4090.959,4092.617,4090.374,4091.079,181
2026-07-23T12:17:00+02:00,4091.053,4091.784,4090.57,4091.327,144
2026-07-23T12:18:00+02:00,4091.295,4092.543,4090.825,4091.873,152
2026-07-23T12:19:00+02:00,4091.878,4091.878,4088.58,4088.58,190
2026-07-23T12:20:00+02:00,4088.769,4089.266,4087.893,4088.257,211
2026-07-23T12:21:00+02:00,4088.564,4088.734,4085.935,4087.734,290
2026-07-23T12:22:00+02:00,4087.532,4088.36,4087.38,4087.51,145
2026-07-23T12:23:00+02:00,4087.498,4088.293,4086.406,4086.785,182
2026-07-23T12:24:00+02:00,4086.729,4087.536,4086.464,4087.536,156
2026-07-23T12:25:00+02:00,4087.598,4088.942,4087.126,4088.684,165
2026-07-23T12:26:00+02:00,4088.648,4089.108,4088.03,4088.211,125
2026-07-23T12:27:00+02:00,4088.514,4089.49,4088.139,4088.348,151
2026-07-23T12:28:00+02:00,4088.339,4088.994,4088.137,4088.596,120
2026-07-23T12:29:00+02:00,4088.86,4090.414,4088.565,4089.732,130
2026-07-23T12:30:00+02:00,4089.837,4092.898,4089.17,4091.47,322
2026-07-23T12:31:00+02:00,4091.52,4092.362,4091.357,4091.646,166
2026-07-23T12:32:00+02:00,4091.567,4092.019,4089.301,4089.308,169
2026-07-23T12:33:00+02:00,4089.369,4090.479,4088.9,4089.83,126
2026-07-23T12:34:00+02:00,4089.803,4089.803,4086.536,4087.485,194
2026-07-23T12:35:00+02:00,4087.427,4088.612,4086.545,4088.611,190
2026-07-23T12:36:00+02:00,4088.665,4089.983,4088.156,4088.845,173
2026-07-23T12:37:00+02:00,4088.569,4090.097,4088.478,4089.747,133
2026-07-23T12:38:00+02:00,4089.684,4090.122,4088.853,4089.265,146
2026-07-23T12:39:00+02:00,4089.319,4090.089,4088.925,4089.801,130
2026-07-23T12:40:00+02:00,4089.97,4089.97,4087.454,4088.453,202
2026-07-23T12:41:00+02:00,4088.526,4088.962,4087.776,4088.295,146
2026-07-23T12:42:00+02:00,4088.246,4089.66,4088.21,4088.934,179
2026-07-23T12:43:00+02:00,4088.947,4089.428,4088.46,4088.537,136
2026-07-23T12:44:00+02:00,4088.477,4089.761,4088.293,4089.24,121
2026-07-23T12:45:00+02:00,4089.171,4089.381,4087.487,4087.672,137
2026-07-23T12:46:00+02:00,4087.72,4088.142,4087.188,4087.889,152
2026-07-23T12:47:00+02:00,4087.837,4089.634,4087.44,4089.634,132
2026-07-23T12:48:00+02:00,4089.631,4091.507,4089.294,4090.751,169
2026-07-23T12:49:00+02:00,4090.952,4093.4,4090.651,4093.271,126
2026-07-23T12:50:00+02:00,4093.221,4093.613,4092.649,4093.245,115
2026-07-23T12:51:00+02:00,4093.013,4094.145,4092.297,4092.988,227
2026-07-23T12:52:00+02:00,4093.044,4094.078,4092.458,4093.827,164
2026-07-23T12:53:00+02:00,4093.719,4093.719,4091.64,4091.789,164
2026-07-23T12:54:00+02:00,4092.061,4094.378,4091.838,4093.782,156
2026-07-23T12:55:00+02:00,4093.733,4094.813,4093.633,4093.775,143
2026-07-23T12:56:00+02:00,4093.71,4095.419,4093.626,4094.156,156
2026-07-23T12:57:00+02:00,4094.026,4094.296,4091.924,4092.126,135
2026-07-23T12:58:00+02:00,4092.117,4093.358,4092.063,4092.727,119
2026-07-23T12:59:00+02:00,4092.675,4093.417,4092.136,4093.318,118
2026-07-23T13:00:00+02:00,4093.121,4093.89,4091.797,4092.341,326
2026-07-23T13:01:00+02:00,4092.401,4093.121,4091.636,4091.656,227
2026-07-23T13:02:00+02:00,4091.856,4092.975,4091.257,4092.763,172
2026-07-23T13:03:00+02:00,4092.607,4092.958,4091.287,4091.55,178
2026-07-23T13:04:00+02:00,4091.5,4091.952,4090.545,4091.901,177
2026-07-23T13:05:00+02:00,4091.964,4092.277,4090.229,4091.244,155
2026-07-23T13:06:00+02:00,4091.307,4091.307,4089.24,4089.62,191
2026-07-23T13:07:00+02:00,4089.674,4091.368,4088.781,4090.189,211
2026-07-23T13:08:00+02:00,4090.24,4091.127,4089.818,4090.613,161
2026-07-23T13:09:00+02:00,4090.916,4091.106,4088.538,4088.671,186
2026-07-23T13:10:00+02:00,4088.721,4089.116,4087.66,4088.195,150
2026-07-23T13:11:00+02:00,4088.145,4089.183,4086.879,4088.949,195
2026-07-23T13:12:00+02:00,4088.873,4089.589,4088.131,4088.131,124
2026-07-23T13:13:00+02:00,4088.106,4088.52,4086.794,4087.197,199
2026-07-23T13:14:00+02:00,4087.246,4088.393,4087.172,4087.791,142
2026-07-23T13:15:00+02:00,4087.73,4089.402,4085.863,4086.224,199
2026-07-23T13:16:00+02:00,4086.173,4086.943,4084.908,4086.92,263
2026-07-23T13:17:00+02:00,4087.035,4087.035,4084.186,4085.261,243
2026-07-23T13:18:00+02:00,4085.278,4087.091,4084.61,4086.989,211
2026-07-23T13:19:00+02:00,4087.192,4087.372,4085.156,4085.688,231
2026-07-23T13:20:00+02:00,4085.634,4086.151,4083.672,4085.17,248
2026-07-23T13:21:00+02:00,4085.137,4086.959,4084.884,4086.545,213
2026-07-23T13:22:00+02:00,4086.433,4086.519,4083.828,4084.13,245
2026-07-23T13:23:00+02:00,4084.249,4084.435,4081.168,4081.772,284
2026-07-23T13:24:00+02:00,4081.798,4084.001,4080.782,4083.871,304
2026-07-23T13:25:00+02:00,4083.819,4084.934,4083.143,4084.582,236
2026-07-23T13:26:00+02:00,4084.688,4085.148,4083.774,4084.277,176
2026-07-23T13:27:00+02:00,4084.332,4084.681,4082.081,4082.568,220
2026-07-23T13:28:00+02:00,4082.677,4083.47,4081.799,4082.258,222
2026-07-23T13:29:00+02:00,4082.552,4084.455,4081.407,4084.231,292
2026-07-23T13:30:00+02:00,4084.093,4084.243,4082.58,4082.58,272
2026-07-23T13:31:00+02:00,4082.604,4083.827,4081.095,4081.455,274
2026-07-23T13:32:00+02:00,4081.403,4082.299,4079.495,4080.175,364
2026-07-23T13:33:00+02:00,4080.187,4082.304,4079.844,4080.387,263
2026-07-23T13:34:00+02:00,4080.494,4081.317,4079.713,4081.005,272
2026-07-23T13:35:00+02:00,4080.915,4080.915,4079.196,4079.829,344
2026-07-23T13:36:00+02:00,4079.697,4082.543,4079.621,4081.356,304
2026-07-23T13:37:00+02:00,4081.674,4082.532,4080.994,4081.804,307
2026-07-23T13:38:00+02:00,4082.005,4083.179,4080.333,4080.601,286
2026-07-23T13:39:00+02:00,4080.652,4081.559,4079.176,4079.217,266
2026-07-23T13:40:00+02:00,4079.37,4079.725,4075.617,4075.918,364
2026-07-23T13:41:00+02:00,4075.968,4076.442,4072.706,4075.036,550
2026-07-23T13:42:00+02:00,4075.098,4079.064,4075.098,4077.681,312
2026-07-23T13:43:00+02:00,4077.619,4078.403,4075.965,4076.722,333
2026-07-23T13:44:00+02:00,4076.662,4078.854,4076.486,4078.854,200
2026-07-23T13:45:00+02:00,4078.804,4081.98,4077.769,4080.867,385
2026-07-23T13:46:00+02:00,4080.917,4081.239,4079.563,4080.274,187
2026-07-23T13:47:00+02:00,4080.414,4081.138,4078.935,4080.886,195
2026-07-23T13:48:00+02:00,4080.935,4081.513,4080.167,4081.384,247
2026-07-23T13:49:00+02:00,4081.456,4082.18,4080.852,4081.714,183
2026-07-23T13:50:00+02:00,4081.849,4083.37,4081.576,4083.133,281
2026-07-23T13:51:00+02:00,4083.082,4084.23,4082.988,4083.991,196
2026-07-23T13:52:00+02:00,4084.043,4089.328,4083.45,4085.596,394
2026-07-23T13:53:00+02:00,4085.662,4086.157,4084.018,4084.477,273
2026-07-23T13:54:00+02:00,4084.401,4085.494,4083.994,4084.551,190
2026-07-23T13:55:00+02:00,4084.423,4084.723,4083.504,4083.708,153
2026-07-23T13:56:00+02:00,4083.521,4084.558,4083.521,4084.147,148
2026-07-23T13:57:00+02:00,4084.096,4084.601,4082.876,4083.438,187
2026-07-23T13:58:00+02:00,4083.428,4085.879,4083.428,4085.509,182
2026-07-23T13:59:00+02:00,4085.561,4086.269,4085.299,4085.749,134
2026-07-23T14:00:00+02:00,4085.697,4086.08,4083.2,4083.2,273
2026-07-23T14:01:00+02:00,4083.378,4083.82,4082.073,4082.743,190
2026-07-23T14:02:00+02:00,4082.794,4083.417,4082.369,4082.841,169
2026-07-23T14:03:00+02:00,4082.774,4083.289,4082.266,4082.585,165
2026-07-23T14:04:00+02:00,4082.443,4083.409,4082.314,4083.208,158
2026-07-23T14:05:00+02:00,4083.241,4085.392,4082.822,4083.583,235
2026-07-23T14:06:00+02:00,4083.637,4084.16,4082.124,4082.132,222
2026-07-23T14:07:00+02:00,4082.435,4083.197,4081.765,4083.054,205
2026-07-23T14:08:00+02:00,4083.107,4084.358,4082.59,4083.35,186
2026-07-23T14:09:00+02:00,4083.364,4084.158,4082.974,4083.207,144
2026-07-23T14:10:00+02:00,4083.284,4085.086,4083.186,4084.991,178
2026-07-23T14:11:00+02:00,4084.976,4085.508,4084.123,4085.066,256
2026-07-23T14:12:00+02:00,4084.956,4085.115,4082.722,4083.46,173
2026-07-23T14:13:00+02:00,4083.522,4083.787,4081.981,4082.15,151
2026-07-23T14:14:00+02:00,4082.098,4082.326,4080.997,4081.348,132
2026-07-23T14:15:00+02:00,4081.607,4083.095,4079.656,4079.92,217
2026-07-23T14:16:00+02:00,4079.873,4080.952,4072.519,4076.652,266
2026-07-23T14:17:00+02:00,4076.619,4078.22,4075.229,4075.822,294
2026-07-23T14:18:00+02:00,4075.76,4076.728,4074.798,4076.388,360
2026-07-23T14:19:00+02:00,4076.447,4079.021,4075.561,4077.839,363
2026-07-23T14:20:00+02:00,4077.724,4077.996,4073.077,4074.771,519
2026-07-23T14:21:00+02:00,4074.927,4078.351,4074.727,4077.475,315
2026-07-23T14:22:00+02:00,4077.366,4077.745,4075.886,4077.295,330
2026-07-23T14:23:00+02:00,4077.3,4077.452,4075.382,4076.148,305
2026-07-23T14:24:00+02:00,4076.105,4076.472,4070.183,4071.805,497
2026-07-23T14:25:00+02:00,4071.816,4073.619,4071.05,4073.619,483
2026-07-23T14:26:00+02:00,4073.85,4074.578,4072.724,4073.887,259
2026-07-23T14:27:00+02:00,4073.968,4077.152,4073.874,4076.301,279
2026-07-23T14:28:00+02:00,4076.192,4076.644,4075.161,4075.241,307
2026-07-23T14:29:00+02:00,4075.186,4076.643,4074.309,4075.374,235
2026-07-23T14:30:00+02:00,4075.211,4075.211,4069.614,4071.248,295
2026-07-23T14:31:00+02:00,4071.302,4071.302,4067.71,4069.668,210
2026-07-23T14:32:00+02:00,4069.726,4072.639,4069.211,4070.719,208
2026-07-23T14:33:00+02:00,4070.657,4072.644,4069.054,4072.397,446
2026-07-23T14:34:00+02:00,4072.49,4075.043,4071.489,4074.589,380
2026-07-23T14:35:00+02:00,4074.507,4074.831,4072.04,4073.257,403
2026-07-23T14:36:00+02:00,4073.206,4073.206,4066.871,4067.477,446
2026-07-23T14:37:00+02:00,4067.526,4068.001,4063.899,4066.344,615
2026-07-23T14:38:00+02:00,4066.294,4070.017,4066.053,4069.184,347
2026-07-23T14:39:00+02:00,4069.236,4073.372,4068.676,4073.044,335
2026-07-23T14:40:00+02:00,4072.992,4073.068,4070.448,4072.048,337
2026-07-23T14:41:00+02:00,4072.156,4072.548,4070.891,4071.498,325
2026-07-23T14:42:00+02:00,4071.233,4071.696,4066.722,4067.097,436
2026-07-23T14:43:00+02:00,4067.213,4069.19,4066.174,4069.114,457
2026-07-23T14:44:00+02:00,4069.221,4071.701,4068.361,4069.168,334
2026-07-23T14:45:00+02:00,4069.224,4069.393,4064.651,4065.529,446
2026-07-23T14:46:00+02:00,4065.479,4067.362,4063.331,4067.078,602
2026-07-23T14:47:00+02:00,4067.028,4067.738,4065.669,4066.226,448
2026-07-23T14:48:00+02:00,4066.28,4066.318,4062.921,4063.622,480
2026-07-23T14:49:00+02:00,4063.566,4066.115,4063.133,4066.115,345
2026-07-23T14:50:00+02:00,4065.783,4067.096,4064.088,4065.297,371
2026-07-23T14:51:00+02:00,4065.169,4068.209,4064.973,4067.515,306
2026-07-23T14:52:00+02:00,4067.458,4067.458,4063.958,4064.818,373
2026-07-23T14:53:00+02:00,4064.752,4067.006,4064.752,4066.375,285
2026-07-23T14:54:00+02:00,4066.056,4066.201,4061.805,4063.902,400
2026-07-23T14:55:00+02:00,4064.098,4064.244,4062.825,4063.573,251
2026-07-23T14:56:00+02:00,4063.635,4065.917,4063.185,4065.648,309
2026-07-23T14:57:00+02:00,4065.565,4066.827,4064.646,4065.715,316
2026-07-23T14:58:00+02:00,4065.652,4066.474,4064.16,4065.131,317
2026-07-23T14:59:00+02:00,4065.022,4065.022,4060.818,4061.826,493
2026-07-23T15:00:00+02:00,4061.765,4063.688,4060.44,4062.22,974
2026-07-23T15:01:00+02:00,4062.153,4062.153,4054.613,4055.884,764
2026-07-23T15:02:00+02:00,4055.937,4060.158,4055.871,4058.195,688
2026-07-23T15:03:00+02:00,4058.381,4058.821,4054.423,4056.351,732
2026-07-23T15:04:00+02:00,4056.404,4057.244,4054.413,4055.388,591
2026-07-23T15:05:00+02:00,4055.645,4057.187,4051.964,4052.989,661
2026-07-23T15:06:00+02:00,4053.099,4053.975,4046.363,4048.137,977
2026-07-23T15:07:00+02:00,4048.187,4049.478,4045.836,4049.205,806
2026-07-23T15:08:00+02:00,4049.405,4050.2,4044.769,4046.52,792
2026-07-23T15:09:00+02:00,4046.465,4049.379,4045.656,4047.193,647
2026-07-23T15:10:00+02:00,4047.245,4047.429,4040.288,4040.761,887
2026-07-23T15:11:00+02:00,4041.064,4044.471,4040.612,4043.891,653
2026-07-23T15:12:00+02:00,4044.192,4045.083,4041.437,4044.029,575
2026-07-23T15:13:00+02:00,4043.966,4044.502,4040.942,4043.401,709
2026-07-23T15:14:00+02:00,4043.284,4043.284,4040.696,4041.003,454
2026-07-23T15:15:00+02:00,4041.077,4043.64,4040.648,4042.008,536
2026-07-23T15:16:00+02:00,4041.957,4043.362,4040.506,4043.307,444
2026-07-23T15:17:00+02:00,4043.377,4045.843,4041.112,4045.791,594
2026-07-23T15:18:00+02:00,4045.594,4046.348,4044.256,4046.348,516
2026-07-23T15:19:00+02:00,4046.273,4049.462,4046.169,4048.819,537
2026-07-23T15:20:00+02:00,4048.769,4052.146,4048.388,4050.755,506
2026-07-23T15:21:00+02:00,4050.738,4052.597,4049.937,4052.033,416
2026-07-23T15:22:00+02:00,4052.092,4053.261,4050.718,4052.203,388
2026-07-23T15:23:00+02:00,4052.281,4054.247,4051.942,4053.932,363
2026-07-23T15:24:00+02:00,4053.992,4054.091,4051.367,4051.434,353
2026-07-23T15:25:00+02:00,4051.41,4053.867,4051.41,4053.69,400
2026-07-23T15:26:00+02:00,4053.547,4054.138,4051.774,4053.499,372
2026-07-23T15:27:00+02:00,4053.456,4054.621,4052.54,4054.374,314
2026-07-23T15:28:00+02:00,4054.319,4058.249,4054.21,4057.328,396
2026-07-23T15:29:00+02:00,4057.212,4058.98,4055.603,4058.584,390
2026-07-23T15:30:00+02:00,4058.53,4063.286,4058.266,4061.058,970
2026-07-23T15:31:00+02:00,4061.212,4063.052,4059.621,4062.969,692
2026-07-23T15:32:00+02:00,4062.919,4066.28,4061.342,4065.549,558
2026-07-23T15:33:00+02:00,4065.6,4067.563,4064.115,4065.996,633
2026-07-23T15:34:00+02:00,4066.046,4067.008,4062.163,4063.265,675
2026-07-23T15:35:00+02:00,4063.414,4064.496,4062.372,4062.904,653
2026-07-23T15:36:00+02:00,4062.591,4062.706,4059.463,4060.131,688
2026-07-23T15:37:00+02:00,4060.182,4061.603,4059.2,4059.971,478
2026-07-23T15:38:00+02:00,4059.922,4061.384,4057.65,4058.269,487
2026-07-23T15:39:00+02:00,4058.327,4058.681,4055.363,4056.771,508
2026-07-23T15:40:00+02:00,4056.82,4057.634,4055.374,4055.947,473
2026-07-23T15:41:00+02:00,4055.999,4059.263,4055.501,4058.922,468
2026-07-23T15:42:00+02:00,4058.851,4061.128,4057.719,4061.128,502
2026-07-23T15:43:00+02:00,4060.929,4062.356,4059.925,4060.695,424
2026-07-23T15:44:00+02:00,4060.639,4061.481,4055.951,4056.344,440
2026-07-23T15:45:00+02:00,4056.393,4057.019,4053.513,4055.436,491
2026-07-23T15:46:00+02:00,4055.118,4056.79,4053.093,4054.118,486
2026-07-23T15:47:00+02:00,4054.103,4054.904,4052.798,4054.668,467
2026-07-23T15:48:00+02:00,4054.553,4055.136,4049.713,4050.639,575
2026-07-23T15:49:00+02:00,4050.763,4052.713,4050.37,4052.649,397
2026-07-23T15:50:00+02:00,4052.698,4055.346,4051.663,4054.044,495
2026-07-23T15:51:00+02:00,4054.114,4054.759,4052.816,4054.13,344
2026-07-23T15:52:00+02:00,4054.43,4054.943,4051.857,4054.813,416
2026-07-23T15:53:00+02:00,4054.901,4057.914,4053.633,4057.789,401
2026-07-23T15:54:00+02:00,4057.901,4058.955,4054.759,4056.43,464
2026-07-23T15:55:00+02:00,4056.379,4057.678,4054.022,4054.859,610
2026-07-23T15:56:00+02:00,4054.866,4056.588,4051.633,4051.964,534
2026-07-23T15:57:00+02:00,4051.946,4052.313,4046.771,4047.082,629
2026-07-23T15:58:00+02:00,4047.23,4047.744,4045.176,4046.448,541
2026-07-23T15:59:00+02:00,4046.524,4047.542,4042.681,4043.309,452
2026-07-23T16:00:00+02:00,4043.503,4050.723,4043.503,4050.276,353
2026-07-23T16:01:00+02:00,4050.216,4050.578,4046.784,4047.228,278
2026-07-23T16:02:00+02:00,4047.281,4049.469,4044.83,4045.354,288
2026-07-23T16:03:00+02:00,4045.226,4046.303,4043.287,4045.034,616
2026-07-23T16:04:00+02:00,4044.904,4045.721,4042.729,4044.081,674
2026-07-23T16:05:00+02:00,4044.157,4046.022,4042.26,4045.755,539
2026-07-23T16:06:00+02:00,4045.945,4046.068,4043.117,4044.972,486
2026-07-23T16:07:00+02:00,4044.818,4046.066,4040.72,4043.064,493
2026-07-23T16:08:00+02:00,4043.01,4043.025,4040.135,4040.446,505
2026-07-23T16:09:00+02:00,4040.61,4045.704,4040.026,4045.529,492
2026-07-23T16:10:00+02:00,4045.477,4047.837,4042.908,4043.362,603
2026-07-23T16:11:00+02:00,4043.425,4046.318,4041.703,4046.293,451
2026-07-23T16:12:00+02:00,4046.252,4047.97,4044.938,4047.674,518
2026-07-23T16:13:00+02:00,4047.791,4049.388,4045.642,4048.825,411
2026-07-23T16:14:00+02:00,4048.881,4051.365,4046.783,4048.075,687
2026-07-23T16:15:00+02:00,4047.869,4050.222,4045.26,4046.56,693
2026-07-23T16:16:00+02:00,4046.616,4049.922,4046.511,4048.603,475
2026-07-23T16:17:00+02:00,4048.3,4049.348,4046.387,4048.825,622
2026-07-23T16:18:00+02:00,4048.73,4048.928,4043.297,4043.794,549
2026-07-23T16:19:00+02:00,4043.593,4044.495,4042.191,4044.281,398
2026-07-23T16:20:00+02:00,4044.33,4045.116,4042.658,4044.231,426
2026-07-23T16:21:00+02:00,4044.38,4047.328,4043.872,4046.66,468
2026-07-23T16:22:00+02:00,4046.605,4049.842,4046.216,4049.507,496
2026-07-23T16:23:00+02:00,4049.395,4051.497,4048.693,4049.07,505
2026-07-23T16:24:00+02:00,4049.127,4052.448,4048.321,4052.293,436
2026-07-23T16:25:00+02:00,4052.043,4054.825,4051.075,4054.39,487
2026-07-23T16:26:00+02:00,4054.337,4054.511,4052.078,4054.142,355
2026-07-23T16:27:00+02:00,4054.19,4055.148,4052.218,4052.518,273
2026-07-23T16:28:00+02:00,4052.251,4054.19,4052.251,4053.316,349
2026-07-23T16:29:00+02:00,4053.437,4056.885,4052.587,4056.319,415
2026-07-23T16:30:00+02:00,4056.254,4057.809,4054.651,4055.971,484
2026-07-23T16:31:00+02:00,4055.922,4058.22,4055.245,4055.681,376
2026-07-23T16:32:00+02:00,4055.419,4056.159,4051.708,4052.655,392
2026-07-23T16:33:00+02:00,4052.706,4054.46,4052.463,4053.832,305
2026-07-23T16:34:00+02:00,4053.469,4055.026,4053.051,4054.361,378
2026-07-23T16:35:00+02:00,4054.411,4055.481,4051.553,4054.169,512
2026-07-23T16:36:00+02:00,4054.22,4057.528,4053.826,4056.932,412
2026-07-23T16:37:00+02:00,4056.882,4060.765,4056.456,4059.454,474
2026-07-23T16:38:00+02:00,4059.398,4059.704,4056.05,4058.036,424
2026-07-23T16:39:00+02:00,4058.087,4059.378,4057.219,4058.984,362
2026-07-23T16:40:00+02:00,4058.935,4059.791,4057.9,4058.351,347
2026-07-23T16:41:00+02:00,4057.963,4058.658,4056.956,4057.969,364
2026-07-23T16:42:00+02:00,4058.094,4058.343,4056.738,4057.806,406
2026-07-23T16:43:00+02:00,4057.856,4058.049,4056.422,4057.077,287
2026-07-23T16:44:00+02:00,4057.026,4057.803,4055.914,4056.879,350
2026-07-23T16:45:00+02:00,4057.037,4059.493,4055.879,4059.334,420
2026-07-23T16:46:00+02:00,4059.521,4061.483,4059.108,4060.273,323
2026-07-23T16:47:00+02:00,4060.223,4061.192,4059.224,4060.089,308
2026-07-23T16:48:00+02:00,4060.142,4061.795,4059.335,4059.49,272
2026-07-23T16:49:00+02:00,4059.439,4060.329,4058.078,4059.006,298
2026-07-23T16:50:00+02:00,4059.062,4060.401,4058.155,4059.201,368
2026-07-23T16:51:00+02:00,4059.15,4059.53,4056.85,4057.687,316
2026-07-23T16:52:00+02:00,4057.738,4059.801,4056.99,4059.633,337
2026-07-23T16:53:00+02:00,4059.569,4060.391,4058.74,4059.277,215
2026-07-23T16:54:00+02:00,4059.161,4059.93,4056.633,4057.005,256
2026-07-23T16:55:00+02:00,4056.957,4058.695,4056.534,4058.254,285
2026-07-23T16:56:00+02:00,4058.31,4059.329,4056.715,4057.409,294
2026-07-23T16:57:00+02:00,4057.284,4059.275,4057.104,4059.181,289
2026-07-23T16:58:00+02:00,4059.04,4060.079,4057.827,4058.292,215
2026-07-23T16:59:00+02:00,4057.987,4059.263,4057.432,4057.99,213
2026-07-23T17:00:00+02:00,4057.939,4059.41,4057.006,4058.422,385
2026-07-23T17:01:00+02:00,4058.373,4058.676,4056.711,4057.078,270
2026-07-23T17:02:00+02:00,4057.117,4059.167,4056.981,4057.081,311
2026-07-23T17:03:00+02:00,4057.234,4059.195,4056.437,4057.324,259
2026-07-23T17:04:00+02:00,4057.274,4057.274,4055.499,4056.846,241
2026-07-23T17:05:00+02:00,4056.796,4056.858,4055.035,4055.536,256
2026-07-23T17:06:00+02:00,4055.474,4055.881,4053.908,4054.645,309
2026-07-23T17:07:00+02:00,4054.76,4057.466,4054.542,4056.869,288
2026-07-23T17:08:00+02:00,4056.818,4057.529,4054.816,4055.561,300
2026-07-23T17:09:00+02:00,4055.456,4056.666,4051.466,4052.203,360
2026-07-23T17:10:00+02:00,4052.15,4052.264,4049.433,4051.205,391
2026-07-23T17:11:00+02:00,4051.329,4052.17,4050.2,4051.988,363
2026-07-23T17:12:00+02:00,4051.865,4053.331,4051.427,4052.709,312
2026-07-23T17:13:00+02:00,4052.75,4054.136,4051.047,4051.303,333
2026-07-23T17:14:00+02:00,4051.355,4052.184,4049.971,4051.313,347
2026-07-23T17:15:00+02:00,4051.176,4053.051,4050.161,4052.431,394
2026-07-23T17:16:00+02:00,4052.481,4054.841,4052.107,4053.777,349
2026-07-23T17:17:00+02:00,4053.854,4056.779,4053.843,4056.073,364
2026-07-23T17:18:00+02:00,4056.017,4056.133,4052.563,4053.049,317
2026-07-23T17:19:00+02:00,4052.998,4053.541,4051.577,4052.764,297
2026-07-23T17:20:00+02:00,4052.813,4053.597,4051.245,4051.656,314
2026-07-23T17:21:00+02:00,4051.603,4053.175,4051.444,4051.848,254
2026-07-23T17:22:00+02:00,4051.795,4053.678,4045.404,4048.272,723
2026-07-23T17:23:00+02:00,4048.325,4050.503,4047.169,4048.642,560
2026-07-23T17:24:00+02:00,4048.701,4050.696,4048.701,4050.19,364
2026-07-23T17:25:00+02:00,4050.003,4050.729,4049.084,4049.995,320
2026-07-23T17:26:00+02:00,4049.75,4050.395,4047.778,4049.41,336
2026-07-23T17:27:00+02:00,4049.095,4050.473,4048.728,4049.603,316
2026-07-23T17:28:00+02:00,4049.474,4049.757,4047.464,4047.68,321
2026-07-23T17:29:00+02:00,4047.71,4049.059,4046.344,4046.894,330
2026-07-23T17:30:00+02:00,4046.998,4047.141,4044.506,4045.308,485
2026-07-23T17:31:00+02:00,4045.255,4046.589,4043.766,4044.087,467
2026-07-23T17:32:00+02:00,4044.14,4044.778,4042.665,4043.938,388
2026-07-23T17:33:00+02:00,4043.735,4046.246,4042.188,4045.296,439
2026-07-23T17:34:00+02:00,4045.064,4045.852,4043.771,4045.852,339
2026-07-23T17:35:00+02:00,4045.798,4048.25,4045.463,4047.313,388
2026-07-23T17:36:00+02:00,4047.374,4049.364,4047.015,4049.141,345
2026-07-23T17:37:00+02:00,4049.189,4051.118,4046.771,4048.164,625
2026-07-23T17:38:00+02:00,4047.879,4049.694,4047.65,4048.882,374
2026-07-23T17:39:00+02:00,4048.745,4049.815,4048.265,4049.13,342
2026-07-23T17:40:00+02:00,4049.017,4050.533,4048.892,4049.641,261
2026-07-23T17:41:00+02:00,4049.694,4053.254,4049.351,4052.071,457
2026-07-23T17:42:00+02:00,4052.188,4052.536,4051.023,4051.585,300
2026-07-23T17:43:00+02:00,4051.534,4052.359,4049.607,4049.765,308
2026-07-23T17:44:00+02:00,4049.826,4050.561,4047.915,4047.915,268
2026-07-23T17:45:00+02:00,4048.094,4049.989,4047.161,4049.166,294
2026-07-23T17:46:00+02:00,4049.22,4050.654,4049.03,4049.867,296
2026-07-23T17:47:00+02:00,4050.069,4051.05,4049.49,4049.732,250
2026-07-23T17:48:00+02:00,4049.988,4051.099,4049.666,4049.991,212
2026-07-23T17:49:00+02:00,4050.284,4050.284,4048.58,4049.516,211
2026-07-23T17:50:00+02:00,4049.214,4050.042,4048.676,4049.449,223
2026-07-23T17:51:00+02:00,4049.505,4049.729,4046.74,4047.637,238
2026-07-23T17:52:00+02:00,4047.687,4048.404,4046.92,4047.791,213
2026-07-23T17:53:00+02:00,4047.742,4049.247,4047.162,4048.903,236
2026-07-23T17:54:00+02:00,4049.081,4050.983,4048.929,4050.136,229
2026-07-23T17:55:00+02:00,4050.381,4050.614,4049.852,4049.927,127
2026-07-23T17:56:00+02:00,4049.98,4050.667,4048.369,4048.483,206
2026-07-23T17:57:00+02:00,4048.369,4048.927,4046.727,4047.088,191
2026-07-23T17:58:00+02:00,4047.092,4048.37,4047.083,4048.139,157
2026-07-23T17:59:00+02:00,4047.9,4048.964,4047.194,4048.534,184
2026-07-23T18:00:00+02:00,4048.65,4049.731,4048.471,4049.587,281
2026-07-23T18:01:00+02:00,4049.784,4050.003,4048.345,4049.875,208
2026-07-23T18:02:00+02:00,4049.924,4050.731,4049.706,4050.549,130
2026-07-23T18:03:00+02:00,4050.246,4050.49,4049.557,4049.774,151
2026-07-23T18:04:00+02:00,4049.744,4050.048,4048.297,4048.297,198
2026-07-23T18:05:00+02:00,4048.551,4049.324,4047.513,4047.647,212
2026-07-23T18:06:00+02:00,4047.596,4050.262,4047.276,4048.842,290
2026-07-23T18:07:00+02:00,4048.952,4049.179,4048.191,4048.635,196
2026-07-23T18:08:00+02:00,4048.651,4049.641,4048.403,4049.378,169
2026-07-23T18:09:00+02:00,4049.324,4049.45,4048.337,4048.766,145
2026-07-23T18:10:00+02:00,4048.649,4049.139,4047.825,4048.639,159
2026-07-23T18:11:00+02:00,4048.7,4050.113,4048.379,4049.694,178
2026-07-23T18:12:00+02:00,4049.732,4050.377,4048.736,4048.736,141
2026-07-23T18:13:00+02:00,4048.8,4050.183,4048.737,4049.444,144
2026-07-23T18:14:00+02:00,4049.465,4050.83,4049.465,4050.278,110
2026-07-23T18:15:00+02:00,4050.216,4050.675,4048.474,4049.26,217
2026-07-23T18:16:00+02:00,4049.209,4049.441,4047.857,4048.212,143
2026-07-23T18:17:00+02:00,4048.36,4048.845,4047.647,4048.121,147
2026-07-23T18:18:00+02:00,4048.069,4048.52,4047.755,4048.305,146
2026-07-23T18:19:00+02:00,4048.242,4048.403,4045.762,4046.634,155
2026-07-23T18:20:00+02:00,4046.705,4049.606,4046.505,4049.453,150
2026-07-23T18:21:00+02:00,4049.451,4049.95,4048.873,4049.348,143
2026-07-23T18:22:00+02:00,4049.216,4050.587,4048.897,4050.341,132
2026-07-23T18:23:00+02:00,4050.337,4050.832,4049.916,4050.345,118
2026-07-23T18:24:00+02:00,4050.36,4051.245,4048.255,4048.424,162
2026-07-23T18:25:00+02:00,4048.771,4049.559,4048.348,4049.51,165
2026-07-23T18:26:00+02:00,4049.471,4050.003,4048.615,4049.544,153
2026-07-23T18:27:00+02:00,4049.662,4050.432,4049.337,4049.883,133
2026-07-23T18:28:00+02:00,4049.931,4050.678,4049.718,4050.357,106
2026-07-23T18:29:00+02:00,4050.605,4051.28,4050.122,4050.129,114
2026-07-23T18:30:00+02:00,4050.181,4050.6,4049.884,4050.333,124
2026-07-23T18:31:00+02:00,4050.577,4050.673,4049.76,4050.194,105
2026-07-23T18:32:00+02:00,4050.388,4050.488,4049.637,4049.749,178
2026-07-23T18:33:00+02:00,4049.463,4050.13,4049.018,4049.229,128
2026-07-23T18:34:00+02:00,4049.221,4049.62,4047.84,4048.316,134
2026-07-23T18:35:00+02:00,4048.398,4049.488,4047.076,4049.063,199
2026-07-23T18:36:00+02:00,4049.208,4049.208,4048.023,4048.561,156
2026-07-23T18:37:00+02:00,4048.509,4048.509,4046.887,4048.274,164
2026-07-23T18:38:00+02:00,4048.221,4050.243,4047.702,4050.236,161
2026-07-23T18:39:00+02:00,4050.345,4050.649,4049.915,4050.187,137
2026-07-23T18:40:00+02:00,4050.383,4050.82,4049.65,4049.769,150
2026-07-23T18:41:00+02:00,4050.069,4050.069,4049.016,4049.939,126
2026-07-23T18:42:00+02:00,4049.988,4050.62,4049.76,4050.228,105
2026-07-23T18:43:00+02:00,4050.161,4050.549,4050.026,4050.282,66
2026-07-23T18:44:00+02:00,4050.322,4050.662,4049.633,4049.908,90
2026-07-23T18:45:00+02:00,4049.857,4050.81,4049.55,4050.558,125
2026-07-23T18:46:00+02:00,4050.531,4050.748,4049.661,4050.027,116
2026-07-23T18:47:00+02:00,4050.068,4050.339,4049.408,4050.137,146
2026-07-23T18:48:00+02:00,4050.185,4050.483,4049.167,4049.392,106
2026-07-23T18:49:00+02:00,4049.659,4049.851,4048.682,4049.207,126
2026-07-23T18:50:00+02:00,4049.158,4049.358,4047.845,4048.507,177
2026-07-23T18:51:00+02:00,4048.483,4049.33,4048.1,4048.856,126
2026-07-23T18:52:00+02:00,4048.705,4049.744,4048.61,4049.136,152
2026-07-23T18:53:00+02:00,4049.064,4049.74,4048.826,4048.885,121
2026-07-23T18:54:00+02:00,4049.067,4049.549,4048.6,4049.063,131
2026-07-23T18:55:00+02:00,4049.172,4050.614,4048.917,4050.478,151
2026-07-23T18:56:00+02:00,4050.335,4050.585,4049.89,4050.298,100
2026-07-23T18:57:00+02:00,4050.303,4051.842,4050.153,4051.536,151
2026-07-23T18:58:00+02:00,4051.424,4051.788,4050.651,4050.856,129
2026-07-23T18:59:00+02:00,4050.874,4051.755,4050.736,4051.304,100
2026-07-23T19:00:00+02:00,4051.357,4051.943,4050.433,4051.419,182
2026-07-23T19:01:00+02:00,4051.367,4054.635,4051.194,4053.798,226
2026-07-23T19:02:00+02:00,4053.748,4054.257,4050.77,4052.466,290
2026-07-23T19:03:00+02:00,4052.402,4053.766,4052.378,4053.087,185
2026-07-23T19:04:00+02:00,4053.038,4053.038,4051.348,4051.655,181
2026-07-23T19:05:00+02:00,4051.769,4053.158,4051.511,4052.665,183
2026-07-23T19:06:00+02:00,4052.562,4053.155,4050.288,4050.518,213
2026-07-23T19:07:00+02:00,4050.579,4050.678,4048.803,4049.059,169
2026-07-23T19:08:00+02:00,4049.109,4049.831,4047.748,4048.371,182
2026-07-23T19:09:00+02:00,4048.289,4048.43,4046.777,4048.144,173
2026-07-23T19:10:00+02:00,4048.126,4049.425,4047.471,4048.684,187
2026-07-23T19:11:00+02:00,4048.743,4048.962,4047.009,4047.989,198
2026-07-23T19:12:00+02:00,4047.651,4048.261,4047.281,4047.573,165
2026-07-23T19:13:00+02:00,4047.592,4048.55,4047.376,4047.944,152
2026-07-23T19:14:00+02:00,4047.969,4048.685,4046.723,4047.301,187
2026-07-23T19:15:00+02:00,4047.354,4048.67,4046.582,4048.67,181
2026-07-23T19:16:00+02:00,4048.692,4049.611,4048.071,4048.935,167
2026-07-23T19:17:00+02:00,4048.985,4049.48,4046.691,4047.059,199
2026-07-23T19:18:00+02:00,4047.216,4048.164,4046.857,4047.653,168
2026-07-23T19:19:00+02:00,4047.531,4047.804,4046.034,4046.671,137
2026-07-23T19:20:00+02:00,4046.452,4048.824,4046.452,4048.68,216
2026-07-23T19:21:00+02:00,4048.686,4050.53,4048.686,4049.274,247
2026-07-23T19:22:00+02:00,4049.225,4049.321,4047.887,4048.497,177
2026-07-23T19:23:00+02:00,4048.765,4049.54,4047.726,4049.177,187
2026-07-23T19:24:00+02:00,4049.25,4049.828,4047.832,4048.655,195
2026-07-23T19:25:00+02:00,4048.876,4049.675,4048.081,4048.39,197
2026-07-23T19:26:00+02:00,4048.341,4048.932,4047.36,4048.024,178
2026-07-23T19:27:00+02:00,4048.027,4048.715,4046.647,4047.833,195
2026-07-23T19:28:00+02:00,4047.752,4048.836,4046.99,4048.147,154
2026-07-23T19:29:00+02:00,4048.092,4049.003,4047.042,4047.399,416
2026-07-23T19:30:00+02:00,4047.29,4048.025,4046.778,4047.907,224
2026-07-23T19:31:00+02:00,4047.957,4049.266,4047.233,4047.806,232
2026-07-23T19:32:00+02:00,4047.994,4048.726,4047.569,4047.854,178
2026-07-23T19:33:00+02:00,4047.905,4048.548,4047.619,4047.637,159
2026-07-23T19:34:00+02:00,4047.631,4048.398,4047.38,4047.522,162
2026-07-23T19:35:00+02:00,4047.469,4047.593,4044.521,4045.056,210
2026-07-23T19:36:00+02:00,4045.049,4045.911,4044.529,4044.986,187
2026-07-23T19:37:00+02:00,4045.038,4046.0,4044.91,4045.255,145
2026-07-23T19:38:00+02:00,4045.305,4046.323,4044.962,4045.148,174
2026-07-23T19:39:00+02:00,4045.266,4045.877,4044.113,4044.66,198
2026-07-23T19:40:00+02:00,4044.939,4045.573,4041.704,4042.707,214
2026-07-23T19:41:00+02:00,4042.639,4044.961,4042.407,4044.64,192
2026-07-23T19:42:00+02:00,4044.898,4045.328,4043.713,4044.404,154
2026-07-23T19:43:00+02:00,4044.42,4045.379,4044.42,4044.609,182
2026-07-23T19:44:00+02:00,4044.547,4044.547,4042.685,4042.951,156
2026-07-23T19:45:00+02:00,4042.892,4044.456,4042.077,4043.572,226
2026-07-23T19:46:00+02:00,4043.789,4044.18,4043.132,4043.74,188
2026-07-23T19:47:00+02:00,4043.79,4044.37,4043.384,4043.681,156
2026-07-23T19:48:00+02:00,4043.698,4043.962,4042.75,4043.75,145
2026-07-23T19:49:00+02:00,4043.449,4044.284,4043.239,4044.14,156
2026-07-23T19:50:00+02:00,4044.262,4044.351,4043.316,4044.045,143
2026-07-23T19:51:00+02:00,4043.99,4044.163,4043.315,4043.773,161
2026-07-23T19:52:00+02:00,4043.807,4043.807,4042.637,4042.639,153
2026-07-23T19:53:00+02:00,4042.898,4043.34,4042.026,4042.958,149
2026-07-23T19:54:00+02:00,4043.002,4043.737,4042.401,4043.117,138
2026-07-23T19:55:00+02:00,4043.142,4043.606,4042.811,4043.606,119
2026-07-23T19:56:00+02:00,4043.583,4043.583,4042.136,4042.634,138
2026-07-23T19:57:00+02:00,4042.475,4043.326,4041.775,4042.457,171
2026-07-23T19:58:00+02:00,4042.423,4043.079,4042.166,4042.812,100
2026-07-23T19:59:00+02:00,4042.595,4042.849,4041.639,4041.855,114
2026-07-23T20:00:00+02:00,4041.983,4043.235,4040.504,4042.99,234
2026-07-23T20:01:00+02:00,4043.184,4043.295,4041.707,4042.504,146
2026-07-23T20:02:00+02:00,4042.449,4043.056,4041.866,4042.684,146
2026-07-23T20:03:00+02:00,4043.0,4043.558,4042.565,4043.267,153
2026-07-23T20:04:00+02:00,4043.316,4043.382,4041.554,4041.67,125
2026-07-23T20:05:00+02:00,4041.807,4042.474,4040.824,4041.82,174
2026-07-23T20:06:00+02:00,4041.808,4043.879,4041.587,4043.66,187
2026-07-23T20:07:00+02:00,4043.357,4043.545,4042.586,4043.214,103
2026-07-23T20:08:00+02:00,4043.101,4044.251,4042.887,4043.962,141
2026-07-23T20:09:00+02:00,4044.07,4044.254,4043.252,4043.424,121
2026-07-23T20:10:00+02:00,4043.368,4043.828,4042.752,4043.071,173
2026-07-23T20:11:00+02:00,4042.969,4044.176,4042.227,4043.316,168
2026-07-23T20:12:00+02:00,4043.261,4043.839,4042.913,4043.535,131
2026-07-23T20:13:00+02:00,4043.425,4043.65,4042.161,4042.376,175
2026-07-23T20:14:00+02:00,4042.541,4043.459,4041.338,4042.022,196
2026-07-23T20:15:00+02:00,4042.037,4042.259,4040.729,4042.014,199
2026-07-23T20:16:00+02:00,4042.248,4043.382,4041.901,4043.263,191
2026-07-23T20:17:00+02:00,4043.149,4043.919,4042.55,4042.999,161
2026-07-23T20:18:00+02:00,4042.948,4044.856,4042.57,4043.987,175
2026-07-23T20:19:00+02:00,4043.874,4044.187,4042.743,4043.152,143
2026-07-23T20:20:00+02:00,4043.086,4043.735,4042.477,4042.818,145
2026-07-23T20:21:00+02:00,4042.976,4043.309,4041.338,4041.577,206
2026-07-23T20:22:00+02:00,4041.507,4041.995,4040.796,4041.034,156
2026-07-23T20:23:00+02:00,4040.97,4041.752,4040.555,4041.49,144
2026-07-23T20:24:00+02:00,4041.443,4042.431,4041.443,4041.984,142
2026-07-23T20:25:00+02:00,4042.033,4042.266,4041.069,4041.845,159
2026-07-23T20:26:00+02:00,4041.899,4043.446,4041.899,4042.954,175
2026-07-23T20:27:00+02:00,4043.064,4045.175,4042.849,4043.539,167
2026-07-23T20:28:00+02:00,4043.593,4045.058,4043.501,4045.032,182
2026-07-23T20:29:00+02:00,4045.236,4045.236,4044.291,4044.702,145
2026-07-23T20:30:00+02:00,4044.592,4047.228,4044.538,4047.228,194
2026-07-23T20:31:00+02:00,4047.032,4048.437,4046.397,4046.604,241
2026-07-23T20:32:00+02:00,4046.363,4046.745,4045.644,4045.732,103
2026-07-23T20:33:00+02:00,4045.675,4046.357,4045.319,4045.906,125
2026-07-23T20:34:00+02:00,4045.664,4046.201,4044.754,4045.618,105
2026-07-23T20:35:00+02:00,4045.64,4045.72,4044.472,4045.475,126
2026-07-23T20:36:00+02:00,4045.496,4046.709,4045.496,4046.409,111
2026-07-23T20:37:00+02:00,4046.394,4046.872,4045.15,4045.73,133
2026-07-23T20:38:00+02:00,4045.934,4046.168,4045.078,4045.397,99
2026-07-23T20:39:00+02:00,4045.124,4045.813,4044.415,4045.495,127
2026-07-23T20:40:00+02:00,4045.377,4045.656,4044.836,4045.618,112
2026-07-23T20:41:00+02:00,4045.382,4046.105,4044.932,4046.053,108
2026-07-23T20:42:00+02:00,4045.747,4046.21,4045.498,4045.911,106
2026-07-23T20:43:00+02:00,4045.716,4046.911,4045.555,4046.049,114
2026-07-23T20:44:00+02:00,4045.962,4046.446,4044.966,4046.372,128
2026-07-23T20:45:00+02:00,4046.394,4047.407,4046.313,4046.654,137
2026-07-23T20:46:00+02:00,4046.706,4047.251,4046.502,4046.972,94
2026-07-23T20:47:00+02:00,4047.142,4048.262,4046.83,4047.946,107
2026-07-23T20:48:00+02:00,4048.004,4048.389,4047.448,4047.623,104
2026-07-23T20:49:00+02:00,4047.556,4047.924,4046.921,4047.194,94
2026-07-23T20:50:00+02:00,4047.164,4047.53,4046.337,4046.964,108
2026-07-23T20:51:00+02:00,4046.804,4047.142,4046.067,4046.777,117
2026-07-23T20:52:00+02:00,4046.727,4047.22,4046.552,4046.955,95
2026-07-23T20:53:00+02:00,4046.866,4047.153,4046.349,4046.349,104
2026-07-23T20:54:00+02:00,4046.363,4046.793,4045.701,4046.294,126
2026-07-23T20:55:00+02:00,4046.306,4046.983,4045.889,4046.98,112
2026-07-23T20:56:00+02:00,4046.868,4046.976,4046.146,4046.467,97
2026-07-23T20:57:00+02:00,4046.61,4046.61,4045.241,4045.624,87
2026-07-23T20:58:00+02:00,4045.684,4045.848,4044.681,4045.525,117
2026-07-23T20:59:00+02:00,4045.224,4046.384,4045.006,4045.941,113
2026-07-23T21:00:00+02:00,4046.242,4048.607,4046.242,4047.585,217
2026-07-23T21:01:00+02:00,4047.534,4048.268,4047.45,4047.734,94
2026-07-23T21:02:00+02:00,4047.684,4047.978,4046.821,4047.851,87
2026-07-23T21:03:00+02:00,4047.833,4047.833,4046.579,4046.643,79
2026-07-23T21:04:00+02:00,4046.342,4046.685,4045.009,4045.248,132
2026-07-23T21:05:00+02:00,4045.298,4045.967,4044.993,4045.967,103
2026-07-23T21:06:00+02:00,4045.941,4046.389,4045.673,4046.002,102
2026-07-23T21:07:00+02:00,4045.988,4046.05,4045.438,4045.96,72
2026-07-23T21:08:00+02:00,4045.942,4045.942,4044.943,4045.313,120
2026-07-23T21:09:00+02:00,4045.364,4045.662,4043.43,4043.489,108
2026-07-23T21:10:00+02:00,4043.635,4044.021,4042.876,4043.935,120
2026-07-23T21:11:00+02:00,4043.817,4044.482,4043.68,4044.251,100
2026-07-23T21:12:00+02:00,4044.245,4044.547,4043.117,4043.654,88
2026-07-23T21:13:00+02:00,4043.655,4043.78,4043.02,4043.419,98
2026-07-23T21:14:00+02:00,4043.368,4043.587,4043.008,4043.356,91
2026-07-23T21:15:00+02:00,4043.275,4045.027,4043.049,4044.53,133
2026-07-23T21:16:00+02:00,4044.808,4046.061,4044.502,4045.105,119
2026-07-23T21:17:00+02:00,4044.944,4045.558,4044.652,4045.335,98
2026-07-23T21:18:00+02:00,4045.034,4045.308,4044.447,4044.826,96
2026-07-23T21:19:00+02:00,4044.776,4045.469,4044.776,4045.074,81
2026-07-23T21:20:00+02:00,4045.035,4045.978,4044.81,4045.811,91
2026-07-23T21:21:00+02:00,4045.843,4047.173,4045.843,4046.99,100
2026-07-23T21:22:00+02:00,4046.722,4047.303,4046.208,4046.518,115
2026-07-23T21:23:00+02:00,4046.567,4047.216,4046.095,4046.9,95
2026-07-23T21:24:00+02:00,4046.953,4048.432,4046.953,4047.899,116
2026-07-23T21:25:00+02:00,4047.917,4049.285,4047.889,4048.134,116
2026-07-23T21:26:00+02:00,4047.829,4048.146,4047.174,4047.218,76
2026-07-23T21:27:00+02:00,4047.194,4048.421,4047.007,4048.094,92
2026-07-23T21:28:00+02:00,4048.289,4048.722,4047.081,4047.193,151
2026-07-23T21:29:00+02:00,4047.243,4048.208,4046.937,4048.072,84
2026-07-23T21:30:00+02:00,4048.124,4051.105,4047.967,4049.607,231
2026-07-23T21:31:00+02:00,4049.554,4049.704,4047.467,4047.51,147
2026-07-23T21:32:00+02:00,4047.56,4047.914,4046.936,4047.556,115
2026-07-23T21:33:00+02:00,4047.507,4047.844,4045.862,4046.519,116
2026-07-23T21:34:00+02:00,4046.664,4047.707,4046.537,4047.331,95
2026-07-23T21:35:00+02:00,4047.41,4047.973,4046.725,4047.052,109
2026-07-23T21:36:00+02:00,4047.044,4047.648,4046.636,4047.214,99
2026-07-23T21:37:00+02:00,4047.341,4047.928,4047.258,4047.313,108
2026-07-23T21:38:00+02:00,4047.256,4047.828,4047.018,4047.018,104
2026-07-23T21:39:00+02:00,4047.068,4048.18,4047.001,4047.732,81
2026-07-23T21:40:00+02:00,4047.929,4048.042,4047.001,4047.258,95
2026-07-23T21:41:00+02:00,4047.255,4048.322,4047.094,4047.85,103
2026-07-23T21:42:00+02:00,4047.797,4047.828,4046.745,4046.987,92
2026-07-23T21:43:00+02:00,4047.03,4047.259,4046.42,4046.644,97
2026-07-23T21:44:00+02:00,4046.632,4046.804,4045.707,4045.707,115
2026-07-23T21:45:00+02:00,4045.813,4046.286,4045.328,4046.077,129
2026-07-23T21:46:00+02:00,4046.112,4046.184,4045.024,4045.345,104
2026-07-23T21:47:00+02:00,4045.398,4046.855,4044.797,4046.61,120
2026-07-23T21:48:00+02:00,4046.619,4046.914,4045.426,4045.586,89
2026-07-23T21:49:00+02:00,4045.568,4046.319,4045.21,4045.997,85
2026-07-23T21:50:00+02:00,4046.055,4048.025,4046.055,4047.174,210
2026-07-23T21:51:00+02:00,4047.257,4049.883,4047.012,4049.678,155
2026-07-23T21:52:00+02:00,4049.732,4050.094,4048.74,4050.017,142
2026-07-23T21:53:00+02:00,4050.319,4050.319,4049.022,4049.314,119
2026-07-23T21:54:00+02:00,4049.557,4050.271,4049.345,4050.271,142
2026-07-23T21:55:00+02:00,4050.323,4050.84,4049.727,4049.926,184
2026-07-23T21:56:00+02:00,4049.875,4050.516,4049.511,4049.983,84
2026-07-23T21:57:00+02:00,4049.998,4050.714,4049.583,4050.643,95
2026-07-23T21:58:00+02:00,4050.28,4050.996,4049.763,4050.216,251
2026-07-23T21:59:00+02:00,4050.492,4050.703,4049.597,4049.891,140
2026-07-23T22:00:00+02:00,4049.956,4051.215,4049.612,4050.197,226
2026-07-23T22:01:00+02:00,4050.076,4050.429,4049.119,4049.38,109
2026-07-23T22:02:00+02:00,4049.433,4050.08,4049.298,4049.657,110
2026-07-23T22:03:00+02:00,4049.354,4049.898,4049.235,4049.291,80
2026-07-23T22:04:00+02:00,4049.313,4049.423,4048.663,4049.068,90
2026-07-23T22:05:00+02:00,4048.827,4049.428,4048.311,4048.311,85
2026-07-23T22:06:00+02:00,4048.556,4049.209,4048.14,4048.931,71
2026-07-23T22:07:00+02:00,4048.82,4049.273,4048.393,4049.008,73
2026-07-23T22:08:00+02:00,4049.263,4049.594,4048.83,4049.594,45
2026-07-23T22:09:00+02:00,4049.498,4050.097,4048.231,4048.617,100
2026-07-23T22:10:00+02:00,4048.674,4049.239,4048.606,4048.679,51
2026-07-23T22:11:00+02:00,4048.797,4049.47,4048.782,4049.197,59
2026-07-23T22:12:00+02:00,4049.334,4049.737,4048.824,4048.885,71
2026-07-23T22:13:00+02:00,4048.881,4050.123,4048.527,4049.594,92
2026-07-23T22:14:00+02:00,4049.622,4049.886,4049.275,4049.646,69
2026-07-23T22:15:00+02:00,4049.395,4049.843,4048.921,4049.094,68
2026-07-23T22:16:00+02:00,4049.078,4049.488,4048.592,4048.755,80
2026-07-23T22:17:00+02:00,4048.468,4048.944,4048.35,4048.545,60
2026-07-23T22:18:00+02:00,4048.478,4048.736,4048.255,4048.482,50
2026-07-23T22:19:00+02:00,4048.429,4049.068,4047.859,4048.804,77
2026-07-23T22:20:00+02:00,4048.59,4048.98,4047.727,4047.727,91
2026-07-23T22:21:00+02:00,4047.898,4048.5,4047.445,4048.248,65
2026-07-23T22:22:00+02:00,4048.403,4049.225,4048.145,4048.883,69
2026-07-23T22:23:00+02:00,4049.125,4049.125,4048.474,4048.788,43
2026-07-23T22:24:00+02:00,4048.665,4049.121,4048.502,4048.902,70
2026-07-23T22:25:00+02:00,4048.904,4049.479,4048.889,4049.288,55
2026-07-23T22:26:00+02:00,4049.293,4049.364,4048.748,4049.017,60
2026-07-23T22:27:00+02:00,4049.072,4050.138,4049.072,4050.032,64
2026-07-23T22:28:00+02:00,4050.022,4050.542,4049.874,4050.105,60
2026-07-23T22:29:00+02:00,4050.054,4050.68,4049.747,4050.124,108
2026-07-23T22:30:00+02:00,4050.435,4050.435,4049.216,4049.289,77
2026-07-23T22:31:00+02:00,4049.291,4049.997,4049.258,4049.892,64
2026-07-23T22:32:00+02:00,4049.87,4050.143,4049.671,4049.914,66
2026-07-23T22:33:00+02:00,4049.73,4049.91,4049.273,4049.39,58
2026-07-23T22:34:00+02:00,4049.395,4049.89,4049.338,4049.858,64
2026-07-23T22:35:00+02:00,4049.85,4050.075,4049.724,4049.951,47
2026-07-23T22:36:00+02:00,4049.951,4050.195,4049.833,4050.031,47
2026-07-23T22:37:00+02:00,4050.016,4050.205,4049.91,4050.101,46
2026-07-23T22:38:00+02:00,4050.12,4050.574,4049.822,4050.282,74
2026-07-23T22:39:00+02:00,4050.289,4050.564,4049.893,4050.099,58
2026-07-23T22:40:00+02:00,4050.057,4050.153,4049.539,4049.71,86
2026-07-23T22:41:00+02:00,4049.689,4049.95,4049.247,4049.506,70
2026-07-23T22:42:00+02:00,4049.344,4049.747,4048.821,4049.356,62
2026-07-23T22:43:00+02:00,4049.341,4049.702,4049.017,4049.702,65
2026-07-23T22:44:00+02:00,4049.43,4049.92,4049.303,4049.818,58
2026-07-23T22:45:00+02:00,4049.829,4050.1,4049.221,4049.286,72
2026-07-23T22:46:00+02:00,4049.236,4049.433,4048.924,4049.418,75
2026-07-23T22:47:00+02:00,4049.249,4049.571,4049.006,4049.26,52
2026-07-23T22:48:00+02:00,4049.481,4050.195,4049.023,4049.701,82
2026-07-23T22:49:00+02:00,4049.722,4050.013,4049.423,4049.495,67
2026-07-23T22:50:00+02:00,4049.607,4049.862,4048.897,4049.259,60
2026-07-23T22:51:00+02:00,4049.201,4049.682,4049.076,4049.102,59
2026-07-23T22:52:00+02:00,4049.105,4049.263,4047.378,4047.73,94
2026-07-23T22:53:00+02:00,4047.706,4048.146,4047.489,4047.926,65
2026-07-23T22:54:00+02:00,4048.063,4048.672,4047.89,4048.314,60
2026-07-23T22:55:00+02:00,4048.198,4049.616,4048.198,4049.393,90
2026-07-23T22:56:00+02:00,4049.266,4049.513,4048.627,4049.018,44
2026-07-23T22:57:00+02:00,4049.12,4049.504,4048.755,4049.152,51
